  -5.760000E+01  1.34971731988E-27
  -5.720000E+01  1.50509832065E-26
  -5.680000E+01  2.75557047275E-34
  -5.640000E+01  1.22394484976E-25
  -5.600000E+01  1.01216088252E-32
  -5.560000E+01  4.48118147417E-25
  -5.520000E+01  1.41821516591E-32
  -5.480000E+01  1.34551306851E-24
  -5.440000E+01  1.69947052719E-32
  -5.400000E+01  3.78429539338E-24
  -5.360000E+01  1.72208262252E-31
  -5.320000E+01  1.03852101752E-23
  -5.280000E+01  2.24400311114E-32
  -5.240000E+01  2.82041875052E-23
  -5.200000E+01  9.60560450971E-32
  -5.160000E+01  7.61949341472E-23
  -5.120000E+01  1.43432109337E-31
  -5.080000E+01  2.05177387632E-22
  -5.040000E+01  1.44797614707E-31
  -5.000000E+01  5.51197356925E-22
  -4.960000E+01  6.81205813410E-31
  -4.920000E+01  1.47794858172E-21
  -4.880000E+01  7.28802760984E-30
  -4.840000E+01  3.95655872041E-21
  -4.800000E+01  1.19157305517E-28
  -4.760000E+01  1.05775274912E-20
  -4.720000E+01  1.54650118959E-28
  -4.680000E+01  2.82452136610E-20
  -4.640000E+01  1.71540661770E-29
  -4.600000E+01  7.53492784106E-20
  -4.560000E+01  3.88991397167E-27
  -4.520000E+01  2.00843297076E-19
  -4.480000E+01  1.05548360401E-26
  -4.440000E+01  5.34989182345E-19
  -4.400000E+01  2.27684286127E-27
  -4.360000E+01  1.42429910293E-18
  -4.320000E+01  3.98427963903E-26
  -4.280000E+01  3.79035180260E-18
  -4.240000E+01  1.56390067947E-25
  -4.200000E+01  1.00839399212E-17
  -4.160000E+01  5.12247328455E-26
  -4.120000E+01  2.68224260569E-17
  -4.080000E+01  2.73985022941E-25
  -4.040000E+01  7.13386000494E-17
  -4.000000E+01  1.25955820419E-24
  -3.960000E+01  1.89735283611E-16
  -3.920000E+01  1.68966541914E-24
  -3.880000E+01  5.04665946474E-16
  -3.840000E+01  1.13384974574E-23
  -3.800000E+01  1.34252861358E-15
  -3.760000E+01  6.04581902214E-23
  -3.720000E+01  3.57221480087E-15
  -3.680000E+01  1.93698271406E-23
  -3.640000E+01  9.50767496664E-15
  -3.600000E+01  5.73926083178E-23
  -3.560000E+01  2.53139298353E-14
  -3.520000E+01  2.84751195423E-22
  -3.480000E+01  6.74245199213E-14
  -3.440000E+01  2.17769605131E-21
  -3.400000E+01  1.79668016195E-13
  -3.360000E+01  1.42046922707E-22
  -3.320000E+01  4.79000118600E-13
  -3.280000E+01  4.45856342873E-21
  -3.240000E+01  1.27777312576E-12
  -3.200000E+01  9.68834419915E-21
  -3.160000E+01  3.41802571114E-12
  -3.120000E+01  5.14319140974E-16
  -3.080000E+01  9.63557850000E-12
  -3.040000E+01  4.99943191782E-13
  -3.000000E+01  3.02641716372E-11
  -2.960000E+01  8.84356251573E-12
  -2.920000E+01  1.06254076406E-10
  -2.880000E+01  7.59904179358E-11
  -2.840000E+01  4.15403212259E-10
  -2.800000E+01  4.92628943893E-10
  -2.760000E+01  1.77125509121E-09
  -2.720000E+01  2.79598695903E-09
  -2.680000E+01  8.01526931321E-09
  -2.640000E+01  1.48150817837E-08
  -2.600000E+01  3.75668386228E-08
  -2.560000E+01  7.55109814009E-08
  -2.520000E+01  1.78967578082E-07
  -2.480000E+01  3.74873981345E-07
  -2.440000E+01  8.53438296292E-07
  -2.400000E+01  1.81469138594E-06
  -2.360000E+01  4.00888513635E-06
  -2.320000E+01  8.48427078569E-06
  -2.280000E+01  1.81469843432E-05
  -2.240000E+01  3.74779465037E-05
  -2.200000E+01  7.66561167165E-05
  -2.160000E+01  1.51004078311E-04
  -2.120000E+01  2.89648294171E-04
  -2.080000E+01  5.31240861009E-04
  -2.040000E+01  9.36207159075E-04
  -2.000000E+01  1.56715763051E-03
  -1.960000E+01  2.50031814546E-03
  -1.920000E+01  3.77644144852E-03
  -1.880000E+01  5.41763294378E-03
  -1.840000E+01  7.35265489456E-03
  -1.800000E+01  9.47573236243E-03
  -1.760000E+01  1.15826822169E-02
  -1.720000E+01  1.35167236820E-02
  -1.680000E+01  1.51117691112E-02
  -1.640000E+01  1.63636388166E-02
  -1.600000E+01  1.72816997026E-02
  -1.560000E+01  1.80112379917E-02
  -1.520000E+01  1.86082817211E-02
  -1.480000E+01  1.91875805191E-02
  -1.440000E+01  1.97131292868E-02
  -1.400000E+01  2.02197714721E-02
  -1.360000E+01  2.06188382133E-02
  -1.320000E+01  2.09544766957E-02
  -1.280000E+01  2.11713210638E-02
  -1.240000E+01  2.13635325769E-02
  -1.200000E+01  2.14943517098E-02
  -1.160000E+01  2.16574640339E-02
  -1.120000E+01  2.17841735024E-02
  -1.080000E+01  2.19432750094E-02
  -1.040000E+01  2.20428958892E-02
  -1.000000E+01  2.21571692859E-02
  -9.600000E+00  2.22027485542E-02
  -9.200000E+00  2.22753486510E-02
  -8.800000E+00  2.22963787421E-02
  -8.400000E+00  2.23651740208E-02
  -8.000000E+00  2.23891200319E-02
  -7.600000E+00  2.24611314915E-02
  -7.200000E+00  2.24773012667E-02
  -6.800000E+00  2.25350298603E-02
  -6.400000E+00  2.25314972517E-02
  -6.000000E+00  2.25749091669E-02
  -5.600000E+00  2.25626491382E-02
  -5.200000E+00  2.26064828127E-02
  -4.800000E+00  2.25965392238E-02
  -4.400000E+00  2.26432718071E-02
  -4.000000E+00  2.26304644424E-02
  -3.600000E+00  2.26713005737E-02
  -3.200000E+00  2.26491013685E-02
  -2.800000E+00  2.26829069886E-02
  -2.400000E+00  2.26563468509E-02
  -2.000000E+00  2.26911295612E-02
  -1.600000E+00  2.26677422499E-02
  -1.200000E+00  2.27067683122E-02
  -8.000000E-01  2.26847709864E-02
  -4.000000E-01  2.27217010274E-02
   0.000000E+00  2.26933767907E-02
   4.000000E-01  2.27217010272E-02
   8.000000E-01  2.26847709867E-02
   1.200000E+00  2.27067683118E-02
   1.600000E+00  2.26677422505E-02
   2.000000E+00  2.26911295605E-02
   2.400000E+00  2.26563468518E-02
   2.800000E+00  2.26829069875E-02
   3.200000E+00  2.26491013697E-02
   3.600000E+00  2.26713005723E-02
   4.000000E+00  2.26304644438E-02
   4.400000E+00  2.26432718055E-02
   4.800000E+00  2.25965392255E-02
   5.200000E+00  2.26064828109E-02
   5.600000E+00  2.25626491401E-02
   6.000000E+00  2.25749091648E-02
   6.400000E+00  2.25314972538E-02
   6.800000E+00  2.25350298580E-02
   7.200000E+00  2.24773012690E-02
   7.600000E+00  2.24611314889E-02
   8.000000E+00  2.23891200343E-02
   8.400000E+00  2.23651740180E-02
   8.800000E+00  2.22963787447E-02
   9.200000E+00  2.22753486480E-02
   9.600000E+00  2.22027485569E-02
   1.000000E+01  2.21571692827E-02
   1.040000E+01  2.20428958919E-02
   1.080000E+01  2.19432750059E-02
   1.120000E+01  2.17841735051E-02
   1.160000E+01  2.16574640304E-02
   1.200000E+01  2.14943517125E-02
   1.240000E+01  2.13635325733E-02
   1.280000E+01  2.11713210664E-02
   1.320000E+01  2.09544766917E-02
   1.360000E+01  2.06188382154E-02
   1.400000E+01  2.02197714676E-02
   1.440000E+01  1.97131292885E-02
   1.480000E+01  1.91875805145E-02
   1.520000E+01  1.86082817225E-02
   1.560000E+01  1.80112379869E-02
   1.600000E+01  1.72816997032E-02
   1.640000E+01  1.63636388109E-02
   1.680000E+01  1.51117691100E-02
   1.720000E+01  1.35167236746E-02
   1.760000E+01  1.15826822136E-02
   1.800000E+01  9.47573235453E-03
   1.840000E+01  7.35265489070E-03
   1.880000E+01  5.41763293737E-03
   1.920000E+01  3.77644144574E-03
   1.960000E+01  2.50031814149E-03
   2.000000E+01  1.56715762914E-03
   2.040000E+01  9.36207157129E-04
   2.080000E+01  5.31240860566E-04
   2.120000E+01  2.89648293379E-04
   2.160000E+01  1.51004078242E-04
   2.200000E+01  7.66561164289E-05
   2.240000E+01  3.74779465251E-05
   2.280000E+01  1.81469842425E-05
   2.320000E+01  8.48427081001E-06
   2.360000E+01  4.00888510036E-06
   2.400000E+01  1.81469139978E-06
   2.440000E+01  8.53438282917E-07
   2.480000E+01  3.74873987795E-07
   2.520000E+01  1.78967572955E-07
   2.560000E+01  7.55109841340E-08
   2.600000E+01  3.75668366239E-08
   2.640000E+01  1.48150828726E-08
   2.680000E+01  8.01526852866E-09
   2.720000E+01  2.79598736885E-09
   2.760000E+01  1.77125478229E-09
   2.800000E+01  4.92629087283E-10
   2.840000E+01  4.15403090016E-10
   2.880000E+01  7.59904626354E-11
   2.920000E+01  1.06254027547E-10
   2.960000E+01  8.84357387273E-12
   3.000000E+01  3.02641518741E-11
   3.040000E+01  4.99945186191E-13
   3.080000E+01  9.63557183722E-12
   3.120000E+01  5.14338045830E-16
   3.160000E+01  3.41802420107E-12
   3.200000E+01  7.81371626413E-20
   3.240000E+01  1.27777263183E-12
   3.280000E+01  2.48539339853E-21
   3.320000E+01  4.79000114730E-13
   3.360000E+01  5.16111682245E-21
   3.400000E+01  1.79667841585E-13
   3.440000E+01  2.48706154979E-21
   3.480000E+01  6.74243910988E-14
   3.520000E+01  1.30789589543E-21
   3.560000E+01  2.53139204453E-14
   3.600000E+01  3.72151046822E-22
   3.640000E+01  9.50765575466E-15
   3.680000E+01  3.66674244013E-24
   3.720000E+01  3.57220954655E-15
   3.760000E+01  1.81902961114E-23
   3.800000E+01  1.34252775472E-15
   3.840000E+01  3.39000850713E-23
   3.880000E+01  5.04665497056E-16
   3.920000E+01  1.89228717874E-27
   3.960000E+01  1.89735062452E-16
   4.000000E+01  2.53462192002E-31
   4.040000E+01  7.13385315318E-17
   4.080000E+01  1.02565885957E-24
   4.120000E+01  2.68223941601E-17
   4.160000E+01  3.93859256453E-25
   4.200000E+01  1.00839233818E-17
   4.240000E+01  1.02253813921E-25
   4.280000E+01  3.79034650898E-18
   4.320000E+01  1.61772668343E-27
   4.360000E+01  1.42429586442E-18
   4.400000E+01  6.86205401258E-29
   4.440000E+01  5.34987957552E-19
   4.480000E+01  5.53505227541E-27
   4.520000E+01  2.00843166909E-19
   4.560000E+01  1.36392207006E-28
   4.600000E+01  7.53490605386E-20
   4.640000E+01  5.28321735560E-29
   4.680000E+01  2.82451500255E-20
   4.720000E+01  1.28829344291E-28
   4.760000E+01  1.05774625387E-20
   4.800000E+01  1.01445003862E-28
   4.840000E+01  3.95651773545E-21
   4.880000E+01  1.06181730634E-29
   4.920000E+01  1.47790442006E-21
   4.960000E+01  4.73298937595E-32
   5.000000E+01  5.51152830353E-22
   5.040000E+01  1.82983310695E-30
   5.080000E+01  2.05132456316E-22
   5.120000E+01  7.19096096328E-31
   5.160000E+01  7.61490494078E-23
   5.200000E+01  9.72295526284E-31
   5.240000E+01  2.81573301020E-23
   5.280000E+01  5.19847696956E-32
   5.320000E+01  1.03375733438E-23
   5.360000E+01  2.42371656905E-31
   5.400000E+01  3.73629119096E-24
   5.440000E+01  4.30502999049E-32
   5.480000E+01  1.29803967681E-24
   5.520000E+01  2.13312541898E-33
   5.560000E+01  4.03330643375E-25
   5.600000E+01  6.18019856186E-33
   5.640000E+01  8.61325242989E-26
   5.680000E+01  1.51636741460E-28
   5.720000E+01  7.02761347959E-28
