  -5.760000E+01  1.32023303500E-27
  -5.720000E+01  1.47204123208E-26
  -5.680000E+01  2.33464798134E-34
  -5.640000E+01  1.19669312278E-25
  -5.600000E+01  1.47951783897E-33
  -5.560000E+01  4.37929486437E-25
  -5.520000E+01  3.27976417584E-33
  -5.480000E+01  1.31411105774E-24
  -5.440000E+01  7.24054196215E-33
  -5.400000E+01  3.69340188506E-24
  -5.360000E+01  5.08823865843E-33
  -5.320000E+01  1.01283330349E-23
  -5.280000E+01  2.92260635730E-31
  -5.240000E+01  2.74858312485E-23
  -5.200000E+01  8.27483487854E-32
  -5.160000E+01  7.41980807013E-23
  -5.120000E+01  7.91735507402E-31
  -5.080000E+01  1.99650142081E-22
  -5.040000E+01  1.38409709109E-32
  -5.000000E+01  5.35950207210E-22
  -4.960000E+01  2.63802000118E-29
  -4.920000E+01  1.43601926966E-21
  -4.880000E+01  1.10478783791E-29
  -4.840000E+01  3.84156562736E-21
  -4.800000E+01  9.07307050301E-30
  -4.760000E+01  1.02629395623E-20
  -4.720000E+01  6.45198435685E-28
  -4.680000E+01  2.73866245403E-20
  -4.640000E+01  1.51747444615E-28
  -4.600000E+01  7.30108337369E-20
  -4.560000E+01  1.11527146757E-27
  -4.520000E+01  1.94486302328E-19
  -4.480000E+01  1.19269115966E-27
  -4.440000E+01  5.17738123270E-19
  -4.400000E+01  1.03542379147E-26
  -4.360000E+01  1.37755689576E-18
  -4.320000E+01  1.92541422864E-28
  -4.280000E+01  3.66388343412E-18
  -4.240000E+01  1.78631502252E-25
  -4.200000E+01  9.74215521359E-18
  -4.160000E+01  7.98294330398E-26
  -4.120000E+01  2.58998136737E-17
  -4.080000E+01  5.11657907286E-26
  -4.040000E+01  6.88504556136E-17
  -4.000000E+01  7.13162129748E-29
  -3.960000E+01  1.83030476331E-16
  -3.920000E+01  4.53796168377E-24
  -3.880000E+01  4.86610254277E-16
  -3.840000E+01  5.19456124944E-25
  -3.800000E+01  1.29393458203E-15
  -3.760000E+01  6.57799864210E-23
  -3.720000E+01  3.44148910201E-15
  -3.680000E+01  6.75790962595E-24
  -3.640000E+01  9.15613864915E-15
  -3.600000E+01  2.76453799327E-22
  -3.560000E+01  2.43688679761E-14
  -3.520000E+01  6.91639886542E-24
  -3.480000E+01  6.48844750989E-14
  -3.440000E+01  7.77456873080E-22
  -3.400000E+01  1.72843634459E-13
  -3.360000E+01  3.42673590414E-21
  -3.320000E+01  4.60673798653E-13
  -3.280000E+01  1.90444352176E-20
  -3.240000E+01  1.22853837845E-12
  -3.200000E+01  5.38967018665E-21
  -3.160000E+01  3.28221304325E-12
  -3.120000E+01  4.40486912506E-17
  -3.080000E+01  9.19807956469E-12
  -3.040000E+01  4.07940446467E-13
  -3.000000E+01  2.87066883612E-11
  -2.960000E+01  7.80869922520E-12
  -2.920000E+01  1.00101584665E-10
  -2.880000E+01  6.88075780065E-11
  -2.840000E+01  3.88979371156E-10
  -2.800000E+01  4.50989154868E-10
  -2.760000E+01  1.65107434975E-09
  -2.720000E+01  2.57345624985E-09
  -2.680000E+01  7.44943088123E-09
  -2.640000E+01  1.36743138581E-08
  -2.600000E+01  3.48563425022E-08
  -2.560000E+01  6.98093807738E-08
  -2.520000E+01  1.65935131439E-07
  -2.480000E+01  3.46980963422E-07
  -2.440000E+01  7.91367208382E-07
  -2.400000E+01  1.68189715952E-06
  -2.360000E+01  3.72115081786E-06
  -2.320000E+01  7.87950216477E-06
  -2.280000E+01  1.68841221266E-05
  -2.240000E+01  3.49259600127E-05
  -2.200000E+01  7.16222591008E-05
  -2.160000E+01  1.41485682500E-04
  -2.120000E+01  2.72375811008E-04
  -2.080000E+01  5.01545947008E-04
  -2.040000E+01  8.87891327581E-04
  -2.000000E+01  1.49337983970E-03
  -1.960000E+01  2.39469393797E-03
  -1.920000E+01  3.63553705129E-03
  -1.880000E+01  5.24292352233E-03
  -1.840000E+01  7.15276692220E-03
  -1.800000E+01  9.26572282642E-03
  -1.760000E+01  1.13813990710E-02
  -1.720000E+01  1.33408007549E-02
  -1.680000E+01  1.49706160964E-02
  -1.640000E+01  1.62568880051E-02
  -1.600000E+01  1.72014239002E-02
  -1.560000E+01  1.79466604285E-02
  -1.520000E+01  1.85505348264E-02
  -1.480000E+01  1.91324417987E-02
  -1.440000E+01  1.96609029233E-02
  -1.400000E+01  2.01734035424E-02
  -1.360000E+01  2.05810368486E-02
  -1.320000E+01  2.09259910871E-02
  -1.280000E+01  2.11503376721E-02
  -1.240000E+01  2.13470666681E-02
  -1.200000E+01  2.14794792171E-02
  -1.160000E+01  2.16428566205E-02
  -1.120000E+01  2.17698747675E-02
  -1.080000E+01  2.19305343879E-02
  -1.040000E+01  2.20327213251E-02
  -1.000000E+01  2.21500990160E-02
  -9.600000E+00  2.21981021762E-02
  -9.200000E+00  2.22721403187E-02
  -8.800000E+00  2.22932692933E-02
  -8.400000E+00  2.23615985790E-02
  -8.000000E+00  2.23848073279E-02
  -7.600000E+00  2.24566707716E-02
  -7.200000E+00  2.24731215602E-02
  -6.800000E+00  2.25317705913E-02
  -6.400000E+00  2.25290235073E-02
  -6.000000E+00  2.25729889806E-02
  -5.600000E+00  2.25603274431E-02
  -5.200000E+00  2.26031548939E-02
  -4.800000E+00  2.25915860511E-02
  -4.400000E+00  2.26371238278E-02
  -4.000000E+00  2.26238963553E-02
  -3.600000E+00  2.26657531708E-02
  -3.200000E+00  2.26452671412E-02
  -2.800000E+00  2.26806705088E-02
  -2.400000E+00  2.26539393849E-02
  -2.000000E+00  2.26863666155E-02
  -1.600000E+00  2.26589008361E-02
  -1.200000E+00  2.26945181677E-02
  -8.000000E-01  2.26723107826E-02
  -4.000000E-01  2.27137899741E-02
   0.000000E+00  2.26933767907E-02
   4.000000E-01  2.27287261361E-02
   8.000000E-01  2.26927187955E-02
   1.200000E+00  2.27066973541E-02
   1.600000E+00  2.26537043197E-02
   2.000000E+00  2.26654019842E-02
   2.400000E+00  2.26318950734E-02
   2.800000E+00  2.26772155409E-02
   3.200000E+00  2.26742624380E-02
   3.600000E+00  2.27213101366E-02
   4.000000E+00  2.26795972461E-02
   4.400000E+00  2.26552363172E-02
   4.800000E+00  2.25493858310E-02
   5.200000E+00  2.25123747078E-02
   5.600000E+00  2.24764351211E-02
   6.000000E+00  2.25677319157E-02
   6.400000E+00  2.26493903331E-02
   6.800000E+00  2.27485747890E-02
   7.200000E+00  2.26743268049E-02
   7.600000E+00  2.24893055029E-02
   8.000000E+00  2.21584469298E-02
   8.400000E+00  2.19320602357E-02
   8.800000E+00  2.18896791797E-02
   9.200000E+00  2.21941096524E-02
   9.600000E+00  2.26433438920E-02
   1.000000E+01  2.30038179644E-02
   1.040000E+01  2.28059957368E-02
   1.080000E+01  2.19473536711E-02
   1.120000E+01  2.06147481661E-02
   1.160000E+01  1.95224693038E-02
   1.200000E+01  1.92841608650E-02
   1.240000E+01  2.03059768671E-02
   1.280000E+01  2.22388839198E-02
   1.320000E+01  2.39551084478E-02
   1.360000E+01  2.34940873911E-02
   1.400000E+01  1.94712322009E-02
   1.440000E+01  1.25598477473E-02
   1.480000E+01  5.75873752884E-03
   1.520000E+01  1.66049926615E-03
   1.560000E+01  2.57984911260E-04
   1.600000E+01  1.72848166052E-05
   1.640000E+01  3.93321797485E-07
   1.680000E+01  1.68736393473E-09
   1.720000E+01  7.64121150608E-12
   1.760000E+01  1.62631220146E-17
   1.800000E+01  2.02901113873E-16
   1.840000E+01  7.00605056019E-20
   1.880000E+01  1.95340149751E-21
   1.920000E+01  1.14281849930E-23
   1.960000E+01  1.74356415635E-25
   2.000000E+01  4.42617300836E-27
   2.040000E+01  4.01080315716E-33
   2.080000E+01  5.74225915131E-32
   2.120000E+01  1.03710942479E-33
   2.160000E+01  2.04893262535E-32
   2.200000E+01  4.36453302517E-33
   2.240000E+01  1.41890789237E-29
   2.280000E+01  1.23462430032E-25
   2.320000E+01  1.61909085118E-26
   2.360000E+01  1.37361490535E-21
   2.400000E+01  1.20601056159E-24
   2.440000E+01  4.43328733961E-18
   2.480000E+01  1.69340175336E-22
   2.520000E+01  1.24845303871E-15
   2.560000E+01  6.91982907683E-21
   2.600000E+01  2.88455757132E-14
   2.640000E+01  2.32591615522E-21
   2.680000E+01  1.24237113902E-13
   2.720000E+01  3.85857732729E-22
   2.760000E+01  2.07165613881E-13
   2.800000E+01  8.83863807303E-23
   2.840000E+01  2.05781440145E-13
   2.880000E+01  2.11536700817E-22
   2.920000E+01  1.52429739288E-13
   2.960000E+01  7.05578509338E-22
   3.000000E+01  9.47739162461E-14
   3.040000E+01  1.38711155802E-21
   3.080000E+01  5.27244748681E-14
   3.120000E+01  4.19184963826E-22
   3.160000E+01  2.72125850962E-14
   3.200000E+01  3.28606900571E-23
   3.240000E+01  1.33165176059E-14
   3.280000E+01  2.90118580878E-23
   3.320000E+01  6.26417857437E-15
   3.360000E+01  9.66532464373E-23
   3.400000E+01  2.85889769755E-15
   3.440000E+01  2.30965413383E-29
   3.480000E+01  1.27406728677E-15
   3.520000E+01  1.38962615884E-23
   3.560000E+01  5.57021435941E-16
   3.600000E+01  2.38166025379E-25
   3.640000E+01  2.39742659814E-16
   3.680000E+01  1.09329108176E-25
   3.720000E+01  1.01850631767E-16
   3.760000E+01  2.68036830015E-26
   3.800000E+01  4.27974510284E-17
   3.840000E+01  9.28869410285E-25
   3.880000E+01  1.78160950747E-17
   3.920000E+01  1.95522732594E-25
   3.960000E+01  7.35709888957E-18
   4.000000E+01  5.52509012608E-26
   4.040000E+01  3.01681457459E-18
   4.080000E+01  4.38652884489E-26
   4.120000E+01  1.22942709922E-18
   4.160000E+01  2.01687488632E-27
   4.200000E+01  4.98263341623E-19
   4.240000E+01  3.88572836846E-27
   4.280000E+01  2.00933768372E-19
   4.320000E+01  2.72397398870E-27
   4.360000E+01  8.06624024312E-20
   4.400000E+01  2.36575173735E-28
   4.440000E+01  3.22447969429E-20
   4.480000E+01  5.62287086757E-28
   4.520000E+01  1.28389618486E-20
   4.560000E+01  4.82973260171E-29
   4.600000E+01  5.09287083735E-21
   4.640000E+01  4.32345891278E-29
   4.680000E+01  2.01285152078E-21
   4.720000E+01  8.01727318017E-31
   4.760000E+01  7.92691632031E-22
   4.800000E+01  2.71153322545E-30
   4.840000E+01  3.11062444455E-22
   4.880000E+01  3.76812687427E-30
   4.920000E+01  1.21623718230E-22
   4.960000E+01  4.57584855497E-31
   5.000000E+01  4.73763202588E-23
   5.040000E+01  8.06993883551E-31
   5.080000E+01  1.83805964411E-23
   5.120000E+01  4.42886696691E-36
   5.160000E+01  7.09841150956E-24
   5.200000E+01  3.46798163618E-32
   5.240000E+01  2.72503238812E-24
   5.280000E+01  3.13299111228E-34
   5.320000E+01  1.03633102614E-24
   5.360000E+01  8.62174500201E-33
   5.400000E+01  3.86911932172E-25
   5.440000E+01  5.05752567185E-33
   5.480000E+01  1.38329572793E-25
   5.520000E+01  1.92103631642E-34
   5.560000E+01  4.39964291181E-26
   5.600000E+01  5.37778875976E-35
   5.640000E+01  9.54728052340E-27
   5.680000E+01  1.71784659442E-29
   5.720000E+01  7.89936705132E-29
