  -5.760000E+01  1.35795908199E-27
  -5.720000E+01  1.51438536967E-26
  -5.680000E+01  2.73849944804E-34
  -5.640000E+01  1.23168642924E-25
  -5.600000E+01  4.39375643681E-38
  -5.560000E+01  4.51060607339E-25
  -5.520000E+01  1.14870858467E-32
  -5.480000E+01  1.35477286540E-24
  -5.440000E+01  5.11965837314E-37
  -5.400000E+01  3.81170444456E-24
  -5.360000E+01  4.95531559126E-32
  -5.320000E+01  1.04645227539E-23
  -5.280000E+01  3.21699475644E-31
  -5.240000E+01  2.84310936405E-23
  -5.200000E+01  8.40929840619E-32
  -5.160000E+01  7.68399481539E-23
  -5.120000E+01  2.05575306352E-30
  -5.080000E+01  2.07002625567E-22
  -5.040000E+01  1.89859066462E-30
  -5.000000E+01  5.56341502776E-22
  -4.960000E+01  5.60079499793E-30
  -4.920000E+01  1.49239310177E-21
  -4.880000E+01  5.40508891608E-29
  -4.840000E+01  3.99698589044E-21
  -4.800000E+01  2.37794463109E-29
  -4.760000E+01  1.06903038199E-20
  -4.720000E+01  2.72846227784E-28
  -4.680000E+01  2.85589201286E-20
  -4.640000E+01  5.75260364526E-31
  -4.600000E+01  7.62195399260E-20
  -4.560000E+01  1.64562562485E-27
  -4.520000E+01  2.03251743219E-19
  -4.480000E+01  5.07606068383E-28
  -4.440000E+01  5.41638032750E-19
  -4.400000E+01  2.08445705427E-26
  -4.360000E+01  1.44261970901E-18
  -4.320000E+01  8.53410785266E-26
  -4.280000E+01  3.84072358685E-18
  -4.240000E+01  1.90703416311E-25
  -4.200000E+01  1.02222247414E-17
  -4.160000E+01  4.82036720162E-25
  -4.120000E+01  2.72014017295E-17
  -4.080000E+01  6.74659369171E-25
  -4.040000E+01  7.23758315148E-17
  -4.000000E+01  9.21607302777E-25
  -3.960000E+01  1.92570233584E-16
  -3.920000E+01  8.37466699874E-24
  -3.880000E+01  5.12404935382E-16
  -3.840000E+01  2.32128945475E-24
  -3.800000E+01  1.36363485360E-15
  -3.760000E+01  7.63890051504E-23
  -3.720000E+01  3.62972223068E-15
  -3.680000E+01  6.51260172779E-25
  -3.640000E+01  9.66421710473E-15
  -3.600000E+01  4.68172731878E-22
  -3.560000E+01  2.57397190477E-14
  -3.520000E+01  1.24544921879E-23
  -3.480000E+01  6.85817175125E-14
  -3.440000E+01  4.50611575790E-22
  -3.400000E+01  1.82810697791E-13
  -3.360000E+01  1.08080633472E-20
  -3.320000E+01  4.87525681026E-13
  -3.280000E+01  2.61526957574E-21
  -3.240000E+01  1.30090916947E-12
  -3.200000E+01  8.26646162568E-24
  -3.160000E+01  3.48268664625E-12
  -3.120000E+01  9.50833407024E-16
  -3.080000E+01  9.84857180292E-12
  -3.040000E+01  5.49130504923E-13
  -3.000000E+01  3.10357427918E-11
  -2.960000E+01  9.37741906959E-12
  -2.920000E+01  1.09344379443E-10
  -2.880000E+01  7.96708232077E-11
  -2.840000E+01  4.28822057084E-10
  -2.800000E+01  5.14003670846E-10
  -2.760000E+01  1.83283935678E-09
  -2.720000E+01  2.91076517186E-09
  -2.680000E+01  8.30748244544E-09
  -2.640000E+01  1.54068800375E-08
  -2.600000E+01  3.89763431633E-08
  -2.560000E+01  7.84864293219E-08
  -2.520000E+01  1.85787185244E-07
  -2.480000E+01  3.89512646987E-07
  -2.440000E+01  8.86097819915E-07
  -2.400000E+01  1.88472769683E-06
  -2.360000E+01  4.16095150230E-06
  -2.320000E+01  8.80440107282E-06
  -2.280000E+01  1.88162822944E-05
  -2.240000E+01  3.88312219093E-05
  -2.200000E+01  7.93256104952E-05
  -2.160000E+01  1.56048295504E-04
  -2.120000E+01  2.98790616194E-04
  -2.080000E+01  5.46929008343E-04
  -2.040000E+01  9.61675342589E-04
  -2.000000E+01  1.60594108623E-03
  -1.960000E+01  2.55567734224E-03
  -1.920000E+01  3.85004006331E-03
  -1.880000E+01  5.50855184871E-03
  -1.840000E+01  7.45623622197E-03
  -1.800000E+01  9.58406758977E-03
  -1.760000E+01  1.16860081052E-02
  -1.720000E+01  1.36066209417E-02
  -1.680000E+01  1.51836070030E-02
  -1.640000E+01  1.64178511374E-02
  -1.600000E+01  1.73224239693E-02
  -1.560000E+01  1.80439823206E-02
  -1.520000E+01  1.86374056812E-02
  -1.480000E+01  1.92151371349E-02
  -1.440000E+01  1.97388667000E-02
  -1.400000E+01  2.02423268622E-02
  -1.360000E+01  2.06370227072E-02
  -1.320000E+01  2.09682826365E-02
  -1.280000E+01  2.11819189753E-02
  -1.240000E+01  2.13727006871E-02
  -1.200000E+01  2.15035635813E-02
  -1.160000E+01  2.16673694340E-02
  -1.120000E+01  2.17944727027E-02
  -1.080000E+01  2.19531406786E-02
  -1.040000E+01  2.20514389252E-02
  -1.000000E+01  2.21638980966E-02
  -9.600000E+00  2.22076185911E-02
  -9.200000E+00  2.22786510460E-02
  -8.800000E+00  2.22984256259E-02
  -8.400000E+00  2.23661371458E-02
  -8.000000E+00  2.23889651002E-02
  -7.600000E+00  2.24597597197E-02
  -7.200000E+00  2.24746950532E-02
  -6.800000E+00  2.25313774367E-02
  -6.400000E+00  2.25271803688E-02
  -6.000000E+00  2.25703989840E-02
  -5.600000E+00  2.25583672690E-02
  -5.200000E+00  2.26026912092E-02
  -4.800000E+00  2.25933211423E-02
  -4.400000E+00  2.26405744696E-02
  -4.000000E+00  2.26281891574E-02
  -3.600000E+00  2.26693709290E-02
  -3.200000E+00  2.26474968971E-02
  -2.800000E+00  2.26816438834E-02
  -2.400000E+00  2.26554410163E-02
  -2.000000E+00  2.26905595373E-02
  -1.600000E+00  2.26674418339E-02
  -1.200000E+00  2.27066442604E-02
  -8.000000E-01  2.26847352673E-02
  -4.000000E-01  2.27216956354E-02
   0.000000E+00  2.26933767907E-02
   4.000000E-01  2.27216956352E-02
   8.000000E-01  2.26847352673E-02
   1.200000E+00  2.27066442599E-02
   1.600000E+00  2.26674418341E-02
   2.000000E+00  2.26905595367E-02
   2.400000E+00  2.26554410168E-02
   2.800000E+00  2.26816438827E-02
   3.200000E+00  2.26474968977E-02
   3.600000E+00  2.26693709280E-02
   4.000000E+00  2.26281891580E-02
   4.400000E+00  2.26405744683E-02
   4.800000E+00  2.25933211430E-02
   5.200000E+00  2.26026912077E-02
   5.600000E+00  2.25583672700E-02
   6.000000E+00  2.25703989824E-02
   6.400000E+00  2.25271803699E-02
   6.800000E+00  2.25313774347E-02
   7.200000E+00  2.24746950541E-02
   7.600000E+00  2.24597597171E-02
   8.000000E+00  2.23889651012E-02
   8.400000E+00  2.23661371430E-02
   8.800000E+00  2.22984256271E-02
   9.200000E+00  2.22786510430E-02
   9.600000E+00  2.22076185923E-02
   1.000000E+01  2.21638980928E-02
   1.040000E+01  2.20514389256E-02
   1.080000E+01  2.19531406736E-02
   1.120000E+01  2.17944727026E-02
   1.160000E+01  2.16673694287E-02
   1.200000E+01  2.15035635814E-02
   1.240000E+01  2.13727006814E-02
   1.280000E+01  2.11819189745E-02
   1.320000E+01  2.09682826286E-02
   1.360000E+01  2.06370227034E-02
   1.400000E+01  2.02423268507E-02
   1.440000E+01  1.97388666933E-02
   1.480000E+01  1.92151371216E-02
   1.520000E+01  1.86374056734E-02
   1.560000E+01  1.80439823056E-02
   1.600000E+01  1.73224239574E-02
   1.640000E+01  1.64178511148E-02
   1.680000E+01  1.51836069796E-02
   1.720000E+01  1.36066209062E-02
   1.760000E+01  1.16860080696E-02
   1.800000E+01  9.58406754747E-03
   1.840000E+01  7.45623618543E-03
   1.880000E+01  5.50855181309E-03
   1.920000E+01  3.85004003709E-03
   1.960000E+01  2.55567732027E-03
   2.000000E+01  1.60594107244E-03
   2.040000E+01  9.61675332249E-04
   2.080000E+01  5.46929002858E-04
   2.120000E+01  2.98790612336E-04
   2.160000E+01  1.56048293820E-04
   2.200000E+01  7.93256092887E-05
   2.240000E+01  3.88312215057E-05
   2.280000E+01  1.88162819529E-05
   2.320000E+01  8.80440100183E-06
   2.360000E+01  4.16095140698E-06
   2.400000E+01  1.88472769246E-06
   2.440000E+01  8.86097791785E-07
   2.480000E+01  3.89512650843E-07
   2.520000E+01  1.85787176178E-07
   2.560000E+01  7.84864320450E-08
   2.600000E+01  3.89763399931E-08
   2.640000E+01  1.54068813341E-08
   2.680000E+01  8.30748127168E-09
   2.720000E+01  2.91076570246E-09
   2.760000E+01  1.83283890675E-09
   2.800000E+01  5.14003865633E-10
   2.840000E+01  4.28821880484E-10
   2.880000E+01  7.96708862192E-11
   2.920000E+01  1.09344308713E-10
   2.960000E+01  9.37743574903E-12
   3.000000E+01  3.10357141111E-11
   3.040000E+01  5.49133324534E-13
   3.080000E+01  9.84855968549E-12
   3.120000E+01  9.50907953403E-16
   3.160000E+01  3.48268114363E-12
   3.200000E+01  2.95719026221E-25
   3.240000E+01  1.30090527711E-12
   3.280000E+01  4.78866582139E-22
   3.320000E+01  4.87524104896E-13
   3.360000E+01  8.44988536626E-21
   3.400000E+01  1.82810438247E-13
   3.440000E+01  4.95396908015E-22
   3.480000E+01  6.85816547843E-14
   3.520000E+01  5.11168890782E-22
   3.560000E+01  2.57396872735E-14
   3.600000E+01  3.27384034810E-22
   3.640000E+01  9.66420086377E-15
   3.680000E+01  5.39354017264E-24
   3.720000E+01  3.62971434672E-15
   3.760000E+01  2.56936169222E-25
   3.800000E+01  1.36363003000E-15
   3.840000E+01  5.42971742060E-25
   3.880000E+01  5.12403166179E-16
   3.920000E+01  3.53512363684E-24
   3.960000E+01  1.92570054187E-16
   4.000000E+01  2.68687204384E-24
   4.040000E+01  7.23756938522E-17
   4.080000E+01  1.42508156103E-24
   4.120000E+01  2.72013400700E-17
   4.160000E+01  4.88883917677E-25
   4.200000E+01  1.02221837481E-17
   4.240000E+01  8.83472071470E-26
   4.280000E+01  3.84071817255E-18
   4.320000E+01  1.62525808308E-27
   4.360000E+01  1.44261532439E-18
   4.400000E+01  7.37855026882E-27
   4.440000E+01  5.41637501766E-19
   4.480000E+01  6.64105019358E-27
   4.520000E+01  2.03251226206E-19
   4.560000E+01  1.04219916314E-27
   4.600000E+01  7.62193488074E-20
   4.640000E+01  7.06175777495E-28
   4.680000E+01  2.85588179008E-20
   4.720000E+01  1.56200256488E-28
   4.760000E+01  1.06902198550E-20
   4.800000E+01  2.68476200670E-28
   4.840000E+01  3.99693159415E-21
   4.880000E+01  4.38560146794E-30
   4.920000E+01  1.49234657967E-21
   4.960000E+01  3.06803312973E-29
   5.000000E+01  5.56296664490E-22
   5.040000E+01  1.30456627586E-30
   5.080000E+01  2.06957415479E-22
   5.120000E+01  7.85231952711E-31
   5.160000E+01  7.67937475252E-23
   5.200000E+01  9.04010633023E-31
   5.240000E+01  2.83838550313E-23
   5.280000E+01  5.51448557206E-33
   5.320000E+01  1.04165499954E-23
   5.360000E+01  2.60890827204E-32
   5.400000E+01  3.76340746121E-24
   5.440000E+01  4.22045650992E-32
   5.480000E+01  1.30701225013E-24
   5.520000E+01  1.10966014694E-32
   5.560000E+01  4.06003107521E-25
   5.600000E+01  1.43456967889E-33
   5.640000E+01  8.66860769738E-26
   5.680000E+01  1.52541373135E-28
   5.720000E+01  7.07126664151E-28
