 
 
 
 
 
 
 
 
 
 
 
 
 
 
 -2.9600000000E+01  2.4000000000E+00 -1.1142288433E+00 -3.8551384901E+01  1.3421451528E-02
 -2.9600000000E+01  4.4000000000E+00 -4.5484505154E-01 -3.9246772528E+01  1.5177281818E-02
 -2.9600000000E+01  6.4000000000E+00 -3.4605002184E-01 -3.9436941576E+01  1.5890243564E-02
 -2.9600000000E+01  8.4000000000E+00  2.2036448146E-01 -3.9789272493E+01  1.5755110274E-02
 -2.9600000000E+01  1.0400000000E+01  1.1443553998E-01 -3.9716819792E+01  1.4863374774E-02
 -2.9600000000E+01  1.2400000000E+01 -7.5161875588E-02 -3.9802002517E+01  1.2771677335E-02
 
 -2.7600000000E+01 -1.6000000000E+00 -3.1112980739E-01 -3.4892110715E+01  1.4078586804E-02
 -2.7600000000E+01  4.0000000000E-01  2.3515679066E-01 -3.6826912606E+01  1.7066198565E-02
 -2.7600000000E+01  2.4000000000E+00  3.6462750840E-01 -3.8053913416E+01  1.8408937534E-02
 -2.7600000000E+01  4.4000000000E+00  4.2482488195E-01 -3.8756931435E+01  1.9162298652E-02
 -2.7600000000E+01  6.4000000000E+00  8.5249307297E-01 -3.9512229169E+01  1.9435004067E-02
 -2.7600000000E+01  8.4000000000E+00  5.4309107818E-01 -3.9572906694E+01  1.9456209127E-02
 -2.7600000000E+01  1.0400000000E+01  4.6493587467E-01 -3.9742757171E+01  1.9037041019E-02
 -2.7600000000E+01  1.2400000000E+01  4.8717668773E-01 -3.9818372624E+01  1.8201280322E-02
 -2.7600000000E+01  1.4400000000E+01  4.7639310605E-01 -3.9996829497E+01  1.6691736614E-02
 -2.7600000000E+01  1.6400000000E+01  1.1039371454E-01 -3.9589589683E+01  1.3294364471E-02
 
 -2.5600000000E+01 -3.6000000000E+00  4.1968408763E+00 -3.3257372989E+01  1.4724993178E-02
 -2.5600000000E+01 -1.6000000000E+00  3.1053459627E+00 -3.5337440068E+01  1.8049764471E-02
 -2.5600000000E+01  4.0000000000E-01  1.9364642748E+00 -3.6895275243E+01  1.9783686003E-02
 -2.5600000000E+01  2.4000000000E+00  1.4922527566E+00 -3.8082676745E+01  2.0748714979E-02
 -2.5600000000E+01  4.4000000000E+00  1.4171124503E+00 -3.8926516911E+01  2.1120780907E-02
 -2.5600000000E+01  6.4000000000E+00  1.0699732575E+00 -3.9246159262E+01  2.1296472507E-02
 -2.5600000000E+01  8.4000000000E+00  1.2581238654E+00 -3.9680504610E+01  2.1235727876E-02
 -2.5600000000E+01  1.0400000000E+01  1.4085495601E+00 -4.0020900994E+01  2.1025378603E-02
 -2.5600000000E+01  1.2400000000E+01  9.7504800825E-01 -4.0012273638E+01  2.0595390071E-02
 -2.5600000000E+01  1.4400000000E+01  6.3357725814E-01 -3.9946288794E+01  1.9591256630E-02
 -2.5600000000E+01  1.6400000000E+01  5.9476696628E-01 -4.0135886074E+01  1.7975031298E-02
 -2.5600000000E+01  1.8400000000E+01  4.9757824580E-01 -3.9981490380E+01  1.4805998345E-02
 
 -2.3600000000E+01 -5.6000000000E+00  1.2594969103E+01 -3.4252165909E+01  1.2628620123E-02
 -2.3600000000E+01 -3.6000000000E+00  8.1721244745E+00 -3.5420635609E+01  1.7801672883E-02
 -2.3600000000E+01 -1.6000000000E+00  5.4800151315E+00 -3.6602609916E+01  2.0099149617E-02
 -2.3600000000E+01  4.0000000000E-01  4.4552208672E+00 -3.7983313109E+01  2.1070131865E-02
 -2.3600000000E+01  2.4000000000E+00  3.4309646126E+00 -3.8647758101E+01  2.1549425806E-02
 -2.3600000000E+01  4.4000000000E+00  2.6711326098E+00 -3.9229321900E+01  2.1839698303E-02
 -2.3600000000E+01  6.4000000000E+00  2.2288143149E+00 -3.9629961592E+01  2.1954264771E-02
 -2.3600000000E+01  8.4000000000E+00  1.7832294261E+00 -3.9868988422E+01  2.1950308416E-02
 -2.3600000000E+01  1.0400000000E+01  1.2120735903E+00 -3.9828429820E+01  2.1871195654E-02
 -2.3600000000E+01  1.2400000000E+01  1.4657758237E+00 -4.0289047328E+01  2.1527509801E-02
 -2.3600000000E+01  1.4400000000E+01  1.2835229853E+00 -4.0392255604E+01  2.1114014502E-02
 -2.3600000000E+01  1.6400000000E+01  7.4760072255E-01 -4.0215629043E+01  2.0143765038E-02
 -2.3600000000E+01  1.8400000000E+01  4.9795833921E-01 -4.0239680732E+01  1.8235885574E-02
 -2.3600000000E+01  2.0400000000E+01  2.2450624555E-01 -4.0912526082E+01  1.4501431877E-02
 
 -2.1600000000E+01 -5.6000000000E+00  1.4469304876E+01 -3.8502175541E+01  1.6228748845E-02
 -2.1600000000E+01 -3.6000000000E+00  1.1050607666E+01 -3.8413858195E+01  1.9371129873E-02
 -2.1600000000E+01 -1.6000000000E+00  8.7024092335E+00 -3.9202984813E+01  2.0922674787E-02
 -2.1600000000E+01  4.0000000000E-01  5.9512404574E+00 -3.9271557591E+01  2.1720115411E-02
 -2.1600000000E+01  2.4000000000E+00  4.6008360151E+00 -3.9795291402E+01  2.2073087655E-02
 -2.1600000000E+01  4.4000000000E+00  3.5114389996E+00 -3.9861039881E+01  2.2234451860E-02
 -2.1600000000E+01  6.4000000000E+00  2.9798202206E+00 -4.0170432815E+01  2.2262272385E-02
 -2.1600000000E+01  8.4000000000E+00  2.3543668240E+00 -4.0152198867E+01  2.2315149766E-02
 -2.1600000000E+01  1.0400000000E+01  2.2435014348E+00 -4.0531970911E+01  2.2187649602E-02
 -2.1600000000E+01  1.2400000000E+01  1.4320466828E+00 -4.0225677167E+01  2.2135453567E-02
 -2.1600000000E+01  1.4400000000E+01  1.3309870994E+00 -4.0559054362E+01  2.1748788467E-02
 -2.1600000000E+01  1.6400000000E+01  1.2382468118E+00 -4.0704191034E+01  2.1197776494E-02
 -2.1600000000E+01  1.8400000000E+01  7.6817528903E-01 -4.0485847218E+01  1.9985692104E-02
 -2.1600000000E+01  2.0400000000E+01  8.5140005776E-01 -4.0003817379E+01  1.7504633175E-02
 -2.1600000000E+01  2.2400000000E+01 -2.1575680911E+00 -4.0319205479E+01  1.2138669141E-02
 
 -1.9600000000E+01 -7.6000000000E+00  2.3720415230E+01 -3.8992762835E+01  1.2259905058E-02
 -1.9600000000E+01 -5.6000000000E+00  1.8544458820E+01 -4.2920057702E+01  1.7763717925E-02
 -1.9600000000E+01 -3.6000000000E+00  1.3516839743E+01 -4.2470096376E+01  2.0332995210E-02
 -1.9600000000E+01 -1.6000000000E+00  9.2167088030E+00 -4.1514333320E+01  2.1559889548E-02
 -1.9600000000E+01  4.0000000000E-01  7.5066910690E+00 -4.1491419650E+01  2.1934340319E-02
 -1.9600000000E+01  2.4000000000E+00  5.5834720672E+00 -4.0776878061E+01  2.2281254246E-02
 -1.9600000000E+01  4.4000000000E+00  4.7935826582E+00 -4.0985490667E+01  2.2360838739E-02
 -1.9600000000E+01  6.4000000000E+00  3.6785943143E+00 -4.0631423387E+01  2.2494591385E-02
 -1.9600000000E+01  8.4000000000E+00  3.2473557084E+00 -4.0946953703E+01  2.2407255484E-02
 -1.9600000000E+01  1.0400000000E+01  2.3326029184E+00 -4.0635495022E+01  2.2463895531E-02
 -1.9600000000E+01  1.2400000000E+01  2.1440253295E+00 -4.1003314423E+01  2.2288435539E-02
 -1.9600000000E+01  1.4400000000E+01  1.4906397167E+00 -4.0693854967E+01  2.2159109247E-02
 -1.9600000000E+01  1.6400000000E+01  1.2013348949E+00 -4.0925932694E+01  2.1694198913E-02
 -1.9600000000E+01  1.8400000000E+01  9.6144427953E-01 -4.0964578544E+01  2.0970603829E-02
 -1.9600000000E+01  2.0400000000E+01  3.3621846577E-01 -4.0598729495E+01  1.9154389397E-02
 -1.9600000000E+01  2.2400000000E+01  1.8371920222E+00 -4.0251971275E+01  1.5308871538E-02
 
 -1.7600000000E+01 -7.6000000000E+00  3.2834297757E+01 -5.5098966933E+01  1.4931052831E-02
 -1.7600000000E+01 -5.6000000000E+00  1.8843306534E+01 -4.9402092614E+01  1.9081601209E-02
 -1.7600000000E+01 -3.6000000000E+00  1.3125268638E+01 -4.6451558987E+01  2.1115281709E-02
 -1.7600000000E+01 -1.6000000000E+00  1.0567273563E+01 -4.4984656836E+01  2.1586428733E-02
 -1.7600000000E+01  4.0000000000E-01  7.5050452970E+00 -4.2937388691E+01  2.2273552537E-02
 -1.7600000000E+01  2.4000000000E+00  6.4331065132E+00 -4.2599991878E+01  2.2310239945E-02
 -1.7600000000E+01  4.4000000000E+00  4.8762345450E+00 -4.1509301297E+01  2.2516437926E-02
 -1.7600000000E+01  6.4000000000E+00  4.4683291672E+00 -4.1604333358E+01  2.2470625840E-02
 -1.7600000000E+01  8.4000000000E+00  3.6729088944E+00 -4.1269523770E+01  2.2586093675E-02
 -1.7600000000E+01  1.0400000000E+01  3.2929199736E+00 -4.1577083140E+01  2.2467496616E-02
 -1.7600000000E+01  1.2400000000E+01  2.4437341337E+00 -4.1317587880E+01  2.2443917323E-02
 -1.7600000000E+01  1.4400000000E+01  1.8675974162E+00 -4.1375358272E+01  2.2286477756E-02
 -1.7600000000E+01  1.6400000000E+01  1.3672248822E+00 -4.1145741224E+01  2.2018183965E-02
 -1.7600000000E+01  1.8400000000E+01  9.5702243434E-01 -4.1233173507E+01  2.1378556447E-02
 -1.7600000000E+01  2.0400000000E+01  7.3599783799E-01 -4.1033662861E+01  2.0038556816E-02
 -1.7600000000E+01  2.2400000000E+01 -5.1649264184E-01 -4.0860951821E+01  1.7372742523E-02
 
 -1.5600000000E+01 -9.6000000000E+00  1.8326466277E+01 -8.2424220229E+01  1.2031742453E-02
 -1.5600000000E+01 -7.6000000000E+00  1.8418636181E+01 -6.4974593993E+01  1.8042264993E-02
 -1.5600000000E+01 -5.6000000000E+00  1.5462052664E+01 -5.6828867327E+01  1.9908826018E-02
 -1.5600000000E+01 -3.6000000000E+00  1.1392665344E+01 -5.0770491989E+01  2.1287889607E-02
 -1.5600000000E+01 -1.6000000000E+00  7.8837151224E+00 -4.6666692993E+01  2.2123126826E-02
 -1.5600000000E+01  4.0000000000E-01  7.2805981071E+00 -4.5021952720E+01  2.2133401602E-02
 -1.5600000000E+01  2.4000000000E+00  6.0914227252E+00 -4.3024264173E+01  2.2470549493E-02
 -1.5600000000E+01  4.4000000000E+00  5.9837213650E+00 -4.2775555355E+01  2.2456688276E-02
 -1.5600000000E+01  6.4000000000E+00  5.0118087637E+00 -4.2096627635E+01  2.2572007836E-02
 -1.5600000000E+01  8.4000000000E+00  4.3334575740E+00 -4.1941133691E+01  2.2517565596E-02
 -1.5600000000E+01  1.0400000000E+01  3.8007090391E+00 -4.2080145812E+01  2.2540788895E-02
 -1.5600000000E+01  1.2400000000E+01  3.0982414709E+00 -4.2108734916E+01  2.2497213573E-02
 -1.5600000000E+01  1.4400000000E+01  2.4260515071E+00 -4.2089544648E+01  2.2324820338E-02
 -1.5600000000E+01  1.6400000000E+01  1.3809787859E+00 -4.1563253222E+01  2.2199380991E-02
 -1.5600000000E+01  1.8400000000E+01  1.3160880050E+00 -4.1963416724E+01  2.1517825720E-02
 -1.5600000000E+01  2.0400000000E+01  4.0497736481E-01 -4.0933507253E+01  2.0631998001E-02
 -1.5600000000E+01  2.2400000000E+01  5.7698172730E-01 -4.0739858580E+01  1.7929999503E-02
 -1.5600000000E+01  2.4400000000E+01 -6.8783398381E-01 -3.8864894827E+01  1.1836958273E-02
 
 -1.3600000000E+01 -1.1600000000E+01 -3.6502897333E+00 -6.5810118646E+01  1.2617839122E-02
 -1.3600000000E+01 -9.6000000000E+00  3.4504171483E+00 -7.0677718661E+01  1.7237980446E-02
 -1.3600000000E+01 -7.6000000000E+00  9.6842901974E+00 -6.7403614012E+01  1.9095645457E-02
 -1.3600000000E+01 -5.6000000000E+00  6.5196209947E+00 -5.8901036610E+01  2.1202678245E-02
 -1.3600000000E+01 -3.6000000000E+00  5.0895532844E+00 -5.2869010319E+01  2.1801990956E-02
 -1.3600000000E+01 -1.6000000000E+00  5.2576515114E+00 -4.8342557958E+01  2.2058127101E-02
 -1.3600000000E+01  4.0000000000E-01  5.0049861724E+00 -4.4948315094E+01  2.2425147394E-02
 -1.3600000000E+01  2.4000000000E+00  5.4347664290E+00 -4.3545818205E+01  2.2501829241E-02
 -1.3600000000E+01  4.4000000000E+00  5.4227149938E+00 -4.2579149068E+01  2.2508760786E-02
 -1.3600000000E+01  6.4000000000E+00  5.7434421252E+00 -4.2557003762E+01  2.2545080583E-02
 -1.3600000000E+01  8.4000000000E+00  5.4673223823E+00 -4.2863238730E+01  2.2536093691E-02
 -1.3600000000E+01  1.0400000000E+01  4.5221402910E+00 -4.2531036363E+01  2.2545977423E-02
 -1.3600000000E+01  1.2400000000E+01  3.9081644100E+00 -4.2981377886E+01  2.2431511367E-02
 -1.3600000000E+01  1.4400000000E+01  2.7768588126E+00 -4.2727914392E+01  2.2415983618E-02
 -1.3600000000E+01  1.6400000000E+01  2.2147923422E+00 -4.3064279190E+01  2.2059658721E-02
 -1.3600000000E+01  1.8400000000E+01  7.0586921230E-01 -4.1474597880E+01  2.1801078117E-02
 -1.3600000000E+01  2.0400000000E+01  6.3418115034E-01 -4.2267958850E+01  2.0670180819E-02
 -1.3600000000E+01  2.2400000000E+01  5.1673805934E-01 -4.1356714924E+01  1.8239298130E-02
 -1.3600000000E+01  2.4400000000E+01  1.7933802221E+00 -4.1045986757E+01  1.2356017146E-02
 
 -1.1600000000E+01 -1.1600000000E+01 -1.0168275610E+00 -6.1197903833E+01  1.6506120205E-02
 -1.1600000000E+01 -9.6000000000E+00  2.0905126290E+00 -6.8095367282E+01  1.9306132718E-02
 -1.1600000000E+01 -7.6000000000E+00 -2.5386033649E+00 -6.6609682091E+01  2.1355473127E-02
 -1.1600000000E+01 -5.6000000000E+00 -1.9132862104E+00 -6.1807586278E+01  2.1137248338E-02
 -1.1600000000E+01 -3.6000000000E+00 -2.1896564494E+00 -5.1759463499E+01  2.2011532757E-02
 -1.1600000000E+01 -1.6000000000E+00  2.4518279399E-01 -4.7055298021E+01  2.2306808926E-02
 -1.1600000000E+01  4.0000000000E-01  2.3291801477E+00 -4.3954334431E+01  2.2437779394E-02
 -1.1600000000E+01  2.4000000000E+00  4.3410296977E+00 -4.2449325722E+01  2.2444649618E-02
 -1.1600000000E+01  4.4000000000E+00  5.9600408186E+00 -4.2277664094E+01  2.2605134098E-02
 -1.1600000000E+01  6.4000000000E+00  6.2292681323E+00 -4.2533510132E+01  2.2478148183E-02
 -1.1600000000E+01  8.4000000000E+00  6.3759170235E+00 -4.3099291547E+01  2.2483327648E-02
 -1.1600000000E+01  1.0400000000E+01  5.8005324460E+00 -4.3322616278E+01  2.2530285993E-02
 -1.1600000000E+01  1.2400000000E+01  4.7687415000E+00 -4.3932070166E+01  2.2416585513E-02
 -1.1600000000E+01  1.4400000000E+01  3.9809109460E+00 -4.4284452555E+01  2.2247446348E-02
 -1.1600000000E+01  1.6400000000E+01  2.1138609030E+00 -4.3344481047E+01  2.2166258116E-02
 -1.1600000000E+01  1.8400000000E+01  1.4013316973E+00 -4.2938082537E+01  2.1575519574E-02
 -1.1600000000E+01  2.0400000000E+01  5.1750065914E-01 -4.2954496932E+01  2.0531378602E-02
 -1.1600000000E+01  2.2400000000E+01 -9.8261074133E-01 -4.0657110502E+01  1.8302596647E-02
 -1.1600000000E+01  2.4400000000E+01 -3.5383037881E+00 -3.9630217415E+01  1.2447913175E-02
 
 -9.6000000000E+00 -1.3600000000E+01  2.7108755605E+00 -5.1212708098E+01  1.3889211820E-02
 -9.6000000000E+00 -1.1600000000E+01  5.9715472497E+00 -5.9409267727E+01  1.8754443376E-02
 -9.6000000000E+00 -9.6000000000E+00 -4.2787282899E-01 -6.9158283840E+01  1.9207749498E-02
 -9.6000000000E+00 -7.6000000000E+00 -4.4508720824E+00 -7.7570848646E+01  1.9144972958E-02
 -9.6000000000E+00 -5.6000000000E+00 -1.6714790888E+01 -5.7957657243E+01  2.2277967312E-02
 -9.6000000000E+00 -3.6000000000E+00 -1.1596028530E+01 -5.0352083372E+01  2.2127686791E-02
 -9.6000000000E+00 -1.6000000000E+00 -6.6680967047E+00 -4.3410409277E+01  2.2296393529E-02
 -9.6000000000E+00  4.0000000000E-01 -4.2086985316E-01 -4.0057714982E+01  2.2595649164E-02
 -9.6000000000E+00  2.4000000000E+00  3.5444829708E+00 -3.9884887460E+01  2.2709245153E-02
 -9.6000000000E+00  4.4000000000E+00  5.5867579752E+00 -4.0994310941E+01  2.2462991951E-02
 -9.6000000000E+00  6.4000000000E+00  7.5549155282E+00 -4.1832367058E+01  2.2553894349E-02
 -9.6000000000E+00  8.4000000000E+00  7.8199470243E+00 -4.3032582571E+01  2.2497915009E-02
 -9.6000000000E+00  1.0400000000E+01  7.3102978945E+00 -4.4258956976E+01  2.2388526477E-02
 -9.6000000000E+00  1.2400000000E+01  6.6164617716E+00 -4.5712581087E+01  2.2229572011E-02
 -9.6000000000E+00  1.4400000000E+01  4.5055458800E+00 -4.4604517487E+01  2.2335614182E-02
 -9.6000000000E+00  1.6400000000E+01  3.1388777584E+00 -4.5694028102E+01  2.1889124764E-02
 -9.6000000000E+00  1.8400000000E+01  1.2640350533E+00 -4.4300329771E+01  2.1417388499E-02
 -9.6000000000E+00  2.0400000000E+01 -2.5560625115E-01 -4.3329181488E+01  2.0200618334E-02
 -9.6000000000E+00  2.2400000000E+01  1.1326453008E-01 -4.0996601151E+01  1.7456740538E-02
 
 -7.6000000000E+00 -1.3600000000E+01  6.7152497621E+00 -4.7249985211E+01  1.6039693351E-02
 -7.6000000000E+00 -1.1600000000E+01  1.7050209418E+01 -5.4418380210E+01  1.7609655947E-02
 -7.6000000000E+00 -9.6000000000E+00  2.7407479021E+01 -7.9354054543E+01  2.4093268157E-02
 -7.6000000000E+00 -7.6000000000E+00 -3.8902037998E+01 -1.1352059299E+02  2.1898120251E-02
 -7.6000000000E+00 -5.6000000000E+00 -4.2509771111E+01 -5.1273731925E+01  2.1950975919E-02
 -7.6000000000E+00 -3.6000000000E+00 -2.5046446497E+01 -4.0734605672E+01  2.2167298008E-02
 -7.6000000000E+00 -1.6000000000E+00 -1.1316837239E+01 -3.5130128135E+01  2.2433905061E-02
 -7.6000000000E+00  4.0000000000E-01 -3.8829468974E+00 -3.2579798926E+01  2.3010137560E-02
 -7.6000000000E+00  2.4000000000E+00  2.4222175207E+00 -3.7580337818E+01  2.2503632487E-02
 -7.6000000000E+00  4.4000000000E+00  6.4766368885E+00 -3.8387562194E+01  2.2479193179E-02
 -7.6000000000E+00  6.4000000000E+00  8.4816412220E+00 -3.9699540114E+01  2.2571481191E-02
 -7.6000000000E+00  8.4000000000E+00  9.6512923735E+00 -4.2982456846E+01  2.2392465354E-02
 -7.6000000000E+00  1.0400000000E+01  9.9844967994E+00 -4.5917019371E+01  2.2164294479E-02
 -7.6000000000E+00  1.2400000000E+01  8.1625630942E+00 -4.5944753715E+01  2.2200350890E-02
 -7.6000000000E+00  1.4400000000E+01  6.5113476489E+00 -4.7075622035E+01  2.1972607503E-02
 -7.6000000000E+00  1.6400000000E+01  4.3026766674E+00 -4.8086603256E+01  2.1402157079E-02
 -7.6000000000E+00  1.8400000000E+01  1.3461822713E+00 -4.5884743035E+01  2.1001103844E-02
 -7.6000000000E+00  2.0400000000E+01 -3.7559377253E-01 -4.5065992451E+01  1.9178529643E-02
 -7.6000000000E+00  2.2400000000E+01 -3.2742574800E+00 -4.1988771230E+01  1.6353916667E-02
 
 -5.6000000000E+00 -1.3600000000E+01  6.8340458484E-03 -4.6784464984E+01  1.7110962541E-02
 -5.6000000000E+00 -1.1600000000E+01  1.5039398247E+01 -2.6337117726E+01  1.7978398972E-02
 -5.6000000000E+00 -9.6000000000E+00  9.1755598749E+01 -9.1637150129E+00  1.8626012985E-02
 -5.6000000000E+00 -5.6000000000E+00 -6.1303298112E+01 -7.3242609278E+00  2.3311770158E-02
 -5.6000000000E+00 -3.6000000000E+00 -3.0738904359E+01 -2.3581339162E+01  2.2654838946E-02
 -5.6000000000E+00 -1.6000000000E+00 -1.5385589262E+01 -2.1692914914E+01  2.2660443119E-02
 -5.6000000000E+00  4.0000000000E-01 -4.2792651827E+00 -2.6965183756E+01  2.2910527673E-02
 -5.6000000000E+00  2.4000000000E+00  3.0650582939E+00 -3.0764312874E+01  2.2454029856E-02
 -5.6000000000E+00  4.4000000000E+00  8.0066761425E+00 -3.4109454522E+01  2.2661990884E-02
 -5.6000000000E+00  6.4000000000E+00  1.1030044469E+01 -3.8585692603E+01  2.2562088056E-02
 -5.6000000000E+00  8.4000000000E+00  1.2240634796E+01 -4.2594285242E+01  2.2191161149E-02
 -5.6000000000E+00  1.0400000000E+01  1.2717468321E+01 -4.6541020022E+01  2.2062988737E-02
 -5.6000000000E+00  1.2400000000E+01  1.0575388515E+01 -4.6671735844E+01  2.2256333858E-02
 -5.6000000000E+00  1.4400000000E+01  9.1160075035E+00 -5.1260713501E+01  2.1331666912E-02
 -5.6000000000E+00  1.6400000000E+01  5.7091380547E+00 -4.9567464327E+01  2.1255832551E-02
 -5.6000000000E+00  1.8400000000E+01  2.0361105951E+00 -5.0638807697E+01  1.9793120077E-02
 -5.6000000000E+00  2.0400000000E+01 -2.6887787386E+00 -4.5699238020E+01  1.7857396287E-02
 -5.6000000000E+00  2.2400000000E+01 -9.2573242378E-01 -4.1961019701E+01  1.2663376642E-02
 
 -3.6000000000E+00 -1.3600000000E+01 -5.9665822495E+01 -3.4191169441E+01  1.4501322200E-02
 -3.6000000000E+00 -1.1600000000E+01 -1.3095681513E+01  6.9826657039E+00  1.8472454923E-02
 -3.6000000000E+00 -9.6000000000E+00  7.4967097553E+00  5.0731976318E+01  2.1926620215E-02
 -3.6000000000E+00 -7.6000000000E+00 -4.5182814048E+01  5.0922166969E+01  2.4817260965E-02
 -3.6000000000E+00 -5.6000000000E+00 -4.2577461709E+01  1.8523134294E+01  1.9464028276E-02
 -3.6000000000E+00 -3.6000000000E+00 -2.5731411851E+01 -4.4899984030E+00  2.3556793406E-02
 -3.6000000000E+00 -1.6000000000E+00 -1.4361635045E+01 -8.7337244362E+00  2.2383020440E-02
 -3.6000000000E+00  4.0000000000E-01 -2.9097876854E+00 -1.8813408421E+01  2.2865089191E-02
 -3.6000000000E+00  2.4000000000E+00  3.8844774658E+00 -2.3279302703E+01  2.2763841777E-02
 -3.6000000000E+00  4.4000000000E+00  1.0568209705E+01 -3.1418468519E+01  2.2308134480E-02
 -3.6000000000E+00  6.4000000000E+00  1.3105292433E+01 -3.4448100560E+01  2.2542096276E-02
 -3.6000000000E+00  8.4000000000E+00  1.6894272082E+01 -4.3555468687E+01  2.1853588434E-02
 -3.6000000000E+00  1.0400000000E+01  1.5830206079E+01 -4.4723251401E+01  2.2066273990E-02
 -3.6000000000E+00  1.2400000000E+01  1.4906163198E+01 -5.0217711931E+01  2.1325833957E-02
 -3.6000000000E+00  1.4400000000E+01  1.2335654845E+01 -5.4223633186E+01  2.0661780567E-02
 -3.6000000000E+00  1.6400000000E+01  8.1974786969E+00 -5.1507617231E+01  2.0090535706E-02
 -3.6000000000E+00  1.8400000000E+01  5.6207136696E+00 -5.7795612235E+01  1.7492186610E-02
 -3.6000000000E+00  2.0400000000E+01 -6.0439068288E+00 -5.2940636467E+01  1.4796073053E-02
 
 -1.6000000000E+00 -1.5600000000E+01  3.4930709966E+01  6.8735157381E+01  1.4383406713E-02
 -1.6000000000E+00 -1.3600000000E+01 -6.2050161371E+01  8.6968518299E+01  1.4690246894E-02
 -1.6000000000E+00 -1.1600000000E+01 -3.1352886103E+01  3.8555429510E+01  2.0144702619E-02
 -1.6000000000E+00 -9.6000000000E+00 -2.0118418648E+01  4.1324316211E+01  2.1052832909E-02
 -1.6000000000E+00 -7.6000000000E+00 -2.6550210185E+01  3.9088703977E+01  2.1030912962E-02
 -1.6000000000E+00 -5.6000000000E+00 -2.7499261919E+01  2.3179015501E+01  2.3249709495E-02
 -1.6000000000E+00 -3.6000000000E+00 -2.0657566727E+01  1.0548357629E+01  2.2203073361E-02
 -1.6000000000E+00 -1.6000000000E+00 -1.0791472929E+01 -2.1296572076E+00  2.3332396868E-02
 -1.6000000000E+00  4.0000000000E-01 -3.8648320063E+00 -8.2783186807E+00  2.3011353592E-02
 -1.6000000000E+00  2.4000000000E+00  7.1865228177E+00 -1.6278154042E+01  2.2617423597E-02
 -1.6000000000E+00  4.4000000000E+00  1.3192244055E+01 -2.3797207102E+01  2.3080318225E-02
 -1.6000000000E+00  6.4000000000E+00  1.9020929917E+01 -3.4263037487E+01  2.2104463282E-02
 -1.6000000000E+00  8.4000000000E+00  1.9320124090E+01 -4.1334996212E+01  2.1536078034E-02
 -1.6000000000E+00  1.0400000000E+01  2.0686683890E+01 -4.3806209521E+01  2.2043227648E-02
 -1.6000000000E+00  1.2400000000E+01  2.0644266977E+01 -5.5446032012E+01  2.0414980485E-02
 -1.6000000000E+00  1.4400000000E+01  1.5003301314E+01 -5.6151327772E+01  1.9494775138E-02
 -1.6000000000E+00  1.6400000000E+01  1.2206296825E+01 -5.5254216307E+01  1.7511859788E-02
 -1.6000000000E+00  1.8400000000E+01  1.4756997303E+01 -5.8808587010E+01  1.3781064447E-02
 
  4.0000000000E-01 -1.7600000000E+01 -1.5606173899E+01  4.8974161676E+01  1.2600826568E-02
  4.0000000000E-01 -1.5600000000E+01 -7.8004207892E+00  5.8939016904E+01  1.6844824337E-02
  4.0000000000E-01 -1.3600000000E+01 -2.1268125382E+01  6.0255397521E+01  1.9417835363E-02
  4.0000000000E-01 -1.1600000000E+01 -2.4991126331E+01  5.0780974786E+01  2.0078569939E-02
  4.0000000000E-01 -9.6000000000E+00 -2.3682252689E+01  4.3665740491E+01  2.1412536856E-02
  4.0000000000E-01 -7.6000000000E+00 -2.1675650169E+01  3.5977619291E+01  2.2030453431E-02
  4.0000000000E-01 -5.6000000000E+00 -1.8840977402E+01  2.7327767284E+01  2.2088937371E-02
  4.0000000000E-01 -3.6000000000E+00 -1.4491334776E+01  1.8789314629E+01  2.2239308154E-02
  4.0000000000E-01 -1.6000000000E+00 -5.5990403550E+00  5.8381042201E+00  2.3829259237E-02
  4.0000000000E-01  4.0000000000E-01  3.3364110037E+00  3.8925737383E-01  2.2685358850E-02
  4.0000000000E-01  2.4000000000E+00  1.1534118773E+01 -6.1032656282E+00  2.3428063981E-02
  4.0000000000E-01  4.4000000000E+00  1.9266854563E+01 -1.9798618494E+01  2.2064359038E-02
  4.0000000000E-01  6.4000000000E+00  2.3722295675E+01 -3.1194865367E+01  2.2345150646E-02
  4.0000000000E-01  8.4000000000E+00  2.2670180698E+01 -3.9275701773E+01  2.2270368877E-02
  4.0000000000E-01  1.0400000000E+01  2.4931307198E+01 -4.3386310697E+01  2.1189763414E-02
  4.0000000000E-01  1.2400000000E+01  3.1728435223E+01 -5.5169547895E+01  1.9473342709E-02
  4.0000000000E-01  1.4400000000E+01  1.0375545262E+01 -7.3657142363E+01  1.8851952434E-02
  4.0000000000E-01  1.6400000000E+01 -3.2972995818E+00 -4.9402616163E+01  1.5723544284E-02
 
  2.4000000000E+00 -1.9600000000E+01 -5.3608929412E+00  6.4957024835E+01  1.2517998519E-02
  2.4000000000E+00 -1.7600000000E+01 -8.9321153407E+00  5.4363636970E+01  1.7924195567E-02
  2.4000000000E+00 -1.5600000000E+01 -1.1708678434E+01  5.7043033919E+01  1.9295693353E-02
  2.4000000000E+00 -1.3600000000E+01 -1.4379420741E+01  5.1847195603E+01  2.1312004931E-02
  2.4000000000E+00 -1.1600000000E+01 -1.9099476292E+01  5.1833063740E+01  2.1176627295E-02
  2.4000000000E+00 -9.6000000000E+00 -1.8610521288E+01  4.4502367739E+01  2.1755368610E-02
  2.4000000000E+00 -7.6000000000E+00 -1.7100673821E+01  3.6127425660E+01  2.2733025408E-02
  2.4000000000E+00 -5.6000000000E+00 -1.6683656887E+01  3.3624990559E+01  2.2148075282E-02
  2.4000000000E+00 -3.6000000000E+00 -9.2580955750E+00  2.3434553522E+01  2.2817803654E-02
  2.4000000000E+00 -1.6000000000E+00 -2.0468514277E+00  1.7141941701E+01  2.2589344429E-02
  2.4000000000E+00  4.0000000000E-01  8.0883812925E+00  7.7019224721E+00  2.3485239886E-02
  2.4000000000E+00  2.4000000000E+00  1.5052539573E+01  3.1598439722E+00  2.1849265004E-02
  2.4000000000E+00  4.4000000000E+00  2.7863065979E+01 -1.2096949330E+01  2.3990182477E-02
  2.4000000000E+00  6.4000000000E+00  3.2360982917E+01 -3.0048393709E+01  2.0242142068E-02
  2.4000000000E+00  8.4000000000E+00  2.6038857744E+01 -4.7638564600E+01  2.0424975026E-02
  2.4000000000E+00  1.0400000000E+01  1.5458548456E+01 -3.5972529650E+01  1.9228321858E-02
  2.4000000000E+00  1.2400000000E+01  4.5462627740E+01 -2.4085114543E+01  2.0910185673E-02
 
  4.4000000000E+00 -2.1600000000E+01  9.0855982960E+00  4.4304157011E+01  1.3289646236E-02
  4.4000000000E+00 -1.9600000000E+01  1.2978409124E+00  5.1676659895E+01  1.7513015485E-02
  4.4000000000E+00 -1.7600000000E+01 -6.3514265190E+00  5.3139793531E+01  1.9221452356E-02
  4.4000000000E+00 -1.5600000000E+01 -8.6544876700E+00  5.2022718015E+01  2.0652295205E-02
  4.4000000000E+00 -1.3600000000E+01 -1.1932905617E+01  4.9872279019E+01  2.1440846537E-02
  4.4000000000E+00 -1.1600000000E+01 -1.4599143956E+01  5.0183962757E+01  2.1409526633E-02
  4.4000000000E+00 -9.6000000000E+00 -1.3975179085E+01  4.3037793917E+01  2.2354442347E-02
  4.4000000000E+00 -7.6000000000E+00 -1.4711010967E+01  4.0159270020E+01  2.2229415317E-02
  4.4000000000E+00 -5.6000000000E+00 -1.0149404215E+01  3.5608392749E+01  2.2222139262E-02
  4.4000000000E+00 -3.6000000000E+00 -7.7259343205E+00  3.0410190169E+01  2.2696291138E-02
  4.4000000000E+00 -1.6000000000E+00 -1.0848794034E+00  2.3669871954E+01  2.2660599076E-02
  4.4000000000E+00  4.0000000000E-01  7.2773002104E+00  1.9418479388E+01  2.3042601183E-02
  4.4000000000E+00  2.4000000000E+00  2.0160255781E+01  1.2568844720E+01  2.2615955154E-02
  4.4000000000E+00  4.4000000000E+00  3.7636303463E+01  5.2723692741E+00  2.0946295262E-02
  4.4000000000E+00  6.4000000000E+00  5.9865960597E+01 -2.1201059247E+01  2.6230238418E-02
  4.4000000000E+00  8.4000000000E+00  1.5912791011E+01 -1.1956073426E+02  1.7100189118E-02
  4.4000000000E+00  1.0400000000E+01 -2.3315365981E+01 -1.4566776750E+01  2.3030760692E-02
  4.4000000000E+00  1.2400000000E+01  1.1243748296E+01  1.9007293116E+01  1.8746488750E-02
 
  6.4000000000E+00 -2.1600000000E+01  1.1371319150E+00  4.4722342146E+01  1.6402991895E-02
  6.4000000000E+00 -1.9600000000E+01  1.0901733620E+00  4.6318415625E+01  1.9516389244E-02
  6.4000000000E+00 -1.7600000000E+01 -3.2636662588E+00  4.9112925905E+01  2.0869133832E-02
  6.4000000000E+00 -1.5600000000E+01 -5.6801469664E+00  4.8515040937E+01  2.1629902168E-02
  6.4000000000E+00 -1.3600000000E+01 -9.1956546733E+00  4.8997094834E+01  2.1807082951E-02
  6.4000000000E+00 -1.1600000000E+01 -1.0285385132E+01  4.6928668223E+01  2.2052077111E-02
  6.4000000000E+00 -9.6000000000E+00 -1.1468490341E+01  4.3751711346E+01  2.2380981671E-02
  6.4000000000E+00 -7.6000000000E+00 -1.0689355560E+01  4.1744707943E+01  2.2272283110E-02
  6.4000000000E+00 -5.6000000000E+00 -9.7836357460E+00  3.8421402568E+01  2.2562421866E-02
  6.4000000000E+00 -3.6000000000E+00 -5.7668962771E+00  3.4541487649E+01  2.2657467311E-02
  6.4000000000E+00 -1.6000000000E+00  9.7802948222E-01  3.1233033413E+01  2.2481492332E-02
  6.4000000000E+00  4.0000000000E-01  7.3127144048E+00  3.0106632414E+01  2.2822781032E-02
  6.4000000000E+00  2.4000000000E+00  1.9768799883E+01  2.6051409675E+01  2.3125955431E-02
  6.4000000000E+00  4.4000000000E+00  3.7727145905E+01  3.2512967367E+01  2.0904888325E-02
  6.4000000000E+00  6.4000000000E+00  8.6647705899E+01  3.7379135772E+01  2.4265261274E-02
  6.4000000000E+00  1.0400000000E+01 -4.6209064939E+01  5.0386163975E+01  2.3315094628E-02
  6.4000000000E+00  1.2400000000E+01 -9.0515184942E+00  3.8590604033E+01  1.7225854250E-02
  6.4000000000E+00  1.4400000000E+01 -6.7832161775E+00  5.2252323792E+01  1.3536869014E-02
 
  8.4000000000E+00 -2.3600000000E+01  2.7833854209E+00  3.8958219626E+01  1.3052357365E-02
  8.4000000000E+00 -2.1600000000E+01  1.6736170070E+00  4.2639297314E+01  1.8251959508E-02
  8.4000000000E+00 -1.9600000000E+01 -5.0358667319E-01  4.4773570194E+01  2.0439231770E-02
  8.4000000000E+00 -1.7600000000E+01 -2.2672473073E+00  4.5434609780E+01  2.1443049957E-02
  8.4000000000E+00 -1.5600000000E+01 -4.4693214825E+00  4.6867150207E+01  2.1904686866E-02
  8.4000000000E+00 -1.3600000000E+01 -6.7357009492E+00  4.6852204075E+01  2.2044153088E-02
  8.4000000000E+00 -1.1600000000E+01 -7.6207869964E+00  4.4701420329E+01  2.2440266133E-02
  8.4000000000E+00 -9.6000000000E+00 -9.0846854048E+00  4.4528675260E+01  2.2363673283E-02
  8.4000000000E+00 -7.6000000000E+00 -8.8425684645E+00  4.2644567080E+01  2.2419004495E-02
  8.4000000000E+00 -5.6000000000E+00 -6.9197502083E+00  3.9957454033E+01  2.2481897403E-02
  8.4000000000E+00 -3.6000000000E+00 -4.5800703190E+00  3.8745202959E+01  2.2624521732E-02
  8.4000000000E+00 -1.6000000000E+00 -1.8390481649E+00  3.8027883563E+01  2.2709912324E-02
  8.4000000000E+00  4.0000000000E-01  5.2390795373E+00  3.6553008168E+01  2.2706247205E-02
  8.4000000000E+00  2.4000000000E+00  1.3926005654E+01  4.0176992858E+01  2.2380010028E-02
  8.4000000000E+00  4.4000000000E+00  2.4638602699E+01  4.9281333877E+01  2.1821999511E-02
  8.4000000000E+00  6.4000000000E+00  2.9737952264E+01  7.4104547479E+01  2.0836410514E-02
  8.4000000000E+00  8.4000000000E+00  1.5640659671E+00  8.0787450143E+01  2.4631359120E-02
  8.4000000000E+00  1.0400000000E+01 -1.3416500815E+01  7.3373033241E+01  1.7612286612E-02
  8.4000000000E+00  1.2400000000E+01 -1.0861718565E+01  5.0842827966E+01  1.8473865334E-02
  8.4000000000E+00  1.4400000000E+01 -5.5762060984E+00  4.8815258630E+01  1.2047924476E-02
 
  1.0400000000E+01 -2.3600000000E+01  4.8928878362E-02  4.2572026763E+01  1.4739805657E-02
  1.0400000000E+01 -2.1600000000E+01  5.2354387110E-03  4.2309628157E+01  1.8965626336E-02
  1.0400000000E+01 -1.9600000000E+01 -3.8795649429E-01  4.3005039271E+01  2.1056037076E-02
  1.0400000000E+01 -1.7600000000E+01 -1.6587938851E+00  4.3897313322E+01  2.1780214153E-02
  1.0400000000E+01 -1.5600000000E+01 -3.7375172042E+00  4.5425244327E+01  2.1995339875E-02
  1.0400000000E+01 -1.3600000000E+01 -4.5747410920E+00  4.4219137057E+01  2.2379137867E-02
  1.0400000000E+01 -1.1600000000E+01 -6.3173226125E+00  4.4300329583E+01  2.2397964043E-02
  1.0400000000E+01 -9.6000000000E+00 -7.0135013449E+00  4.4069604174E+01  2.2352462579E-02
  1.0400000000E+01 -7.6000000000E+00 -7.1907559210E+00  4.2583477171E+01  2.2529339227E-02
  1.0400000000E+01 -5.6000000000E+00 -6.7197668229E+00  4.1923783182E+01  2.2595663880E-02
  1.0400000000E+01 -3.6000000000E+00 -5.0672363959E+00  4.1142981173E+01  2.2576831403E-02
  1.0400000000E+01 -1.6000000000E+00 -2.4631594923E+00  4.1455301758E+01  2.2474290702E-02
  1.0400000000E+01  4.0000000000E-01  1.4646539239E+00  4.3200635231E+01  2.2384443258E-02
  1.0400000000E+01  2.4000000000E+00  5.1420969982E+00  4.6385945973E+01  2.2402067866E-02
  1.0400000000E+01  4.4000000000E+00  7.2867182616E+00  5.5847537083E+01  2.1884430856E-02
  1.0400000000E+01  6.4000000000E+00  1.0786919561E+01  6.3264515170E+01  2.1946202952E-02
  1.0400000000E+01  8.4000000000E+00  1.0448896908E+00  7.2716329272E+01  1.9762930511E-02
  1.0400000000E+01  1.0400000000E+01 -7.1124222651E-01  6.5037242359E+01  1.9832393683E-02
  1.0400000000E+01  1.2400000000E+01 -3.9523213611E-01  5.6050587109E+01  1.6676539800E-02
 
  1.2400000000E+01 -2.3600000000E+01 -5.1719102854E-01  4.0559480581E+01  1.5514297436E-02
  1.2400000000E+01 -2.1600000000E+01  4.2462113203E-02  4.0921509563E+01  1.9430839069E-02
  1.2400000000E+01 -1.9600000000E+01 -6.1658301609E-01  4.2402278818E+01  2.1198709098E-02
  1.2400000000E+01 -1.7600000000E+01 -1.8003112390E+00  4.3210786104E+01  2.1834916545E-02
  1.2400000000E+01 -1.5600000000E+01 -2.3807324462E+00  4.3059889977E+01  2.2304173765E-02
  1.2400000000E+01 -1.3600000000E+01 -3.9274218216E+00  4.3628876909E+01  2.2375279073E-02
  1.2400000000E+01 -1.1600000000E+01 -4.7418918244E+00  4.3364389689E+01  2.2480192376E-02
  1.2400000000E+01 -9.6000000000E+00 -5.6553821699E+00  4.3187564673E+01  2.2532329617E-02
  1.2400000000E+01 -7.6000000000E+00 -5.9878503213E+00  4.2663196534E+01  2.2523127820E-02
  1.2400000000E+01 -5.6000000000E+00 -5.8064181646E+00  4.2502956197E+01  2.2474907327E-02
  1.2400000000E+01 -3.6000000000E+00 -5.6470190246E+00  4.2655344343E+01  2.2544948551E-02
  1.2400000000E+01 -1.6000000000E+00 -4.4712137080E+00  4.3671682717E+01  2.2470299073E-02
  1.2400000000E+01  4.0000000000E-01 -3.4429327303E+00  4.5489637264E+01  2.2411138307E-02
  1.2400000000E+01  2.4000000000E+00 -1.6055593046E+00  4.9472228587E+01  2.2136665209E-02
  1.2400000000E+01  4.4000000000E+00 -3.0046536177E-01  5.5546061866E+01  2.1598348239E-02
  1.2400000000E+01  6.4000000000E+00 -2.9774965646E+00  6.4099071565E+01  2.0673906517E-02
  1.2400000000E+01  8.4000000000E+00 -1.9356698618E+00  6.7209893671E+01  1.9864119450E-02
  1.2400000000E+01  1.0400000000E+01 -1.2132671174E+00  6.7038753422E+01  1.7219683263E-02
  1.2400000000E+01  1.2400000000E+01  2.9994722204E+00  5.9140382111E+01  1.2940225905E-02
 
  1.4400000000E+01 -2.3600000000E+01  1.3072286924E+00  4.1350902296E+01  1.5785144109E-02
  1.4400000000E+01 -2.1600000000E+01 -3.9951041650E-02  4.0877648244E+01  1.9447515734E-02
  1.4400000000E+01 -1.9600000000E+01 -1.1392189738E+00  4.2454273454E+01  2.1061870332E-02
  1.4400000000E+01 -1.7600000000E+01 -9.7776780730E-01  4.1393881803E+01  2.2030686471E-02
  1.4400000000E+01 -1.5600000000E+01 -2.3599684908E+00  4.2661114955E+01  2.2166847570E-02
  1.4400000000E+01 -1.3600000000E+01 -2.9476361104E+00  4.2493239886E+01  2.2461488118E-02
  1.4400000000E+01 -1.1600000000E+01 -3.8926552605E+00  4.2629385023E+01  2.2471225374E-02
  1.4400000000E+01 -9.6000000000E+00 -4.3990641261E+00  4.2198318448E+01  2.2547024482E-02
  1.4400000000E+01 -7.6000000000E+00 -5.2790834941E+00  4.2551369602E+01  2.2557867636E-02
  1.4400000000E+01 -5.6000000000E+00 -5.7561788541E+00  4.2629701300E+01  2.2537512752E-02
  1.4400000000E+01 -3.6000000000E+00 -5.4267334976E+00  4.2814517212E+01  2.2509729961E-02
  1.4400000000E+01 -1.6000000000E+00 -5.8799389437E+00  4.4146560796E+01  2.2355486057E-02
  1.4400000000E+01  4.0000000000E-01 -5.6849407003E+00  4.5729814800E+01  2.2291560501E-02
  1.4400000000E+01  2.4000000000E+00 -7.2378374674E+00  4.9902195848E+01  2.1832911883E-02
  1.4400000000E+01  4.4000000000E+00 -8.9089466434E+00  5.4408003193E+01  2.1432270592E-02
  1.4400000000E+01  6.4000000000E+00 -1.0464111870E+01  6.0892782643E+01  2.0233055523E-02
  1.4400000000E+01  8.4000000000E+00 -1.2649362923E+01  7.1472749208E+01  1.7698160974E-02
  1.4400000000E+01  1.0400000000E+01 -2.2723100930E+00  7.4112254221E+01  1.3957322453E-02
 
  1.6400000000E+01 -2.3600000000E+01 -2.0777517731E+00  3.9919827170E+01  1.4491708954E-02
  1.6400000000E+01 -2.1600000000E+01 -7.4609304496E-01  4.1176843996E+01  1.8906116185E-02
  1.6400000000E+01 -1.9600000000E+01 -5.1264696323E-01  4.1184459315E+01  2.1080666120E-02
  1.6400000000E+01 -1.7600000000E+01 -1.2909963339E+00  4.1545840548E+01  2.1781502883E-02
  1.6400000000E+01 -1.5600000000E+01 -1.6078370164E+00  4.1551413250E+01  2.2244515053E-02
  1.6400000000E+01 -1.3600000000E+01 -2.4514182476E+00  4.1772404426E+01  2.2389005049E-02
  1.6400000000E+01 -1.1600000000E+01 -3.1833835440E+00  4.1883879934E+01  2.2495937151E-02
  1.6400000000E+01 -9.6000000000E+00 -3.7267321431E+00  4.1723885665E+01  2.2575635367E-02
  1.6400000000E+01 -7.6000000000E+00 -4.3544636858E+00  4.1814956217E+01  2.2501700092E-02
  1.6400000000E+01 -5.6000000000E+00 -4.8890710688E+00  4.1841148612E+01  2.2563443978E-02
  1.6400000000E+01 -3.6000000000E+00 -6.1748993872E+00  4.2763267952E+01  2.2406015091E-02
  1.6400000000E+01 -1.6000000000E+00 -6.5390872002E+00  4.3125221106E+01  2.2443124064E-02
  1.6400000000E+01  4.0000000000E-01 -8.4414865187E+00  4.5309881384E+01  2.2065030797E-02
  1.6400000000E+01  2.4000000000E+00 -9.9394576681E+00  4.6816653671E+01  2.1726455356E-02
  1.6400000000E+01  4.4000000000E+00 -1.4205068280E+01  5.0829233806E+01  2.0767026576E-02
  1.6400000000E+01  6.4000000000E+00 -2.1273179089E+01  5.7632999193E+01  1.8512433906E-02
  1.6400000000E+01  8.4000000000E+00 -2.8389485979E+01  6.9542192977E+01  1.4392327842E-02
 
  1.8400000000E+01 -2.3600000000E+01  2.0133945546E+00  4.0615834550E+01  1.2845456276E-02
  1.8400000000E+01 -2.1600000000E+01 -3.1960813944E-01  4.0127960071E+01  1.8156243728E-02
  1.8400000000E+01 -1.9600000000E+01 -9.6276089665E-01  4.1054311662E+01  2.0519103704E-02
  1.8400000000E+01 -1.7600000000E+01 -1.0971759380E+00  4.1149391777E+01  2.1528011207E-02
  1.8400000000E+01 -1.5600000000E+01 -1.4305920745E+00  4.0962075291E+01  2.2100740024E-02
  1.8400000000E+01 -1.3600000000E+01 -1.9876845466E+00  4.1232804457E+01  2.2302521482E-02
  1.8400000000E+01 -1.1600000000E+01 -2.4003812842E+00  4.1022865279E+01  2.2465721286E-02
  1.8400000000E+01 -9.6000000000E+00 -3.3163968590E+00  4.1351513090E+01  2.2441414942E-02
  1.8400000000E+01 -7.6000000000E+00 -3.6757036866E+00  4.1012173902E+01  2.2561683932E-02
  1.8400000000E+01 -5.6000000000E+00 -4.5956018152E+00  4.1419551357E+01  2.2435086641E-02
  1.8400000000E+01 -3.6000000000E+00 -5.0746363761E+00  4.1285821696E+01  2.2466711342E-02
  1.8400000000E+01 -1.6000000000E+00 -6.8724982639E+00  4.2280905671E+01  2.2150780732E-02
  1.8400000000E+01  4.0000000000E-01 -8.3545158430E+00  4.2450918357E+01  2.2042661092E-02
  1.8400000000E+01  2.4000000000E+00 -1.1787285767E+01  4.4447784395E+01  2.1242574192E-02
  1.8400000000E+01  4.4000000000E+00 -1.5514267533E+01  4.5549812776E+01  2.0133440858E-02
  1.8400000000E+01  6.4000000000E+00 -2.1994319459E+01  4.6287294460E+01  1.7547586186E-02
 
  2.0400000000E+01 -2.1600000000E+01 -9.7526455858E-02  4.1275931277E+01  1.6706553749E-02
  2.0400000000E+01 -1.9600000000E+01 -4.0021517293E-01  4.0396631814E+01  1.9589841573E-02
  2.0400000000E+01 -1.7600000000E+01 -1.1253293192E+00  4.0861234846E+01  2.1102745589E-02
  2.0400000000E+01 -1.5600000000E+01 -1.2500812232E+00  4.0773977261E+01  2.1749835950E-02
  2.0400000000E+01 -1.3600000000E+01 -1.5015338064E+00  4.0504957039E+01  2.2165585663E-02
  2.0400000000E+01 -1.1600000000E+01 -2.2239449960E+00  4.0833576498E+01  2.2256243640E-02
  2.0400000000E+01 -9.6000000000E+00 -2.3185289485E+00  4.0422826246E+01  2.2427361650E-02
  2.0400000000E+01 -7.6000000000E+00 -3.1428043952E+00  4.0644698146E+01  2.2369024329E-02
  2.0400000000E+01 -5.6000000000E+00 -3.6279733406E+00  4.0341870645E+01  2.2413329519E-02
  2.0400000000E+01 -3.6000000000E+00 -4.7729490477E+00  4.0574786662E+01  2.2252934552E-02
  2.0400000000E+01 -1.6000000000E+00 -5.7417120787E+00  4.0314572617E+01  2.2174517555E-02
  2.0400000000E+01  4.0000000000E-01 -7.8324284036E+00  4.0832608095E+01  2.1643641711E-02
  2.0400000000E+01  2.4000000000E+00 -1.0024867327E+01  4.0382543571E+01  2.1053476753E-02
  2.0400000000E+01  4.4000000000E+00 -1.4195852449E+01  4.0763281756E+01  1.9060603050E-02
  2.0400000000E+01  6.4000000000E+00 -1.8837762663E+01  4.0458092999E+01  1.5420219016E-02
 
  2.2400000000E+01 -2.1600000000E+01 -1.0791075380E+00  3.8825355695E+01  1.3080587658E-02
  2.2400000000E+01 -1.9600000000E+01 -8.8959571818E-01  4.0419069829E+01  1.7908547527E-02
  2.2400000000E+01 -1.7600000000E+01 -6.7175984588E-01  4.0423426533E+01  2.0150044897E-02
  2.2400000000E+01 -1.5600000000E+01 -1.3057773757E+00  4.0582885067E+01  2.1195129377E-02
  2.2400000000E+01 -1.3600000000E+01 -1.3790238406E+00  4.0436770755E+01  2.1694492927E-02
  2.2400000000E+01 -1.1600000000E+01 -1.3442880175E+00  4.0047462961E+01  2.2073072390E-02
  2.2400000000E+01 -9.6000000000E+00 -2.1477955531E+00  4.0290444706E+01  2.2127697533E-02
  2.2400000000E+01 -7.6000000000E+00 -2.3842907196E+00  3.9970471438E+01  2.2214835221E-02
  2.2400000000E+01 -5.6000000000E+00 -2.9196673113E+00  3.9831315051E+01  2.2167266193E-02
  2.2400000000E+01 -3.6000000000E+00 -3.5573299182E+00  3.9465950335E+01  2.2062860565E-02
  2.2400000000E+01 -1.6000000000E+00 -4.6672564027E+00  3.9127333567E+01  2.1733027182E-02
  2.2400000000E+01  4.0000000000E-01 -6.0617753915E+00  3.8221178615E+01  2.1285881418E-02
  2.2400000000E+01  2.4000000000E+00 -8.7659075224E+00  3.7965060837E+01  2.0016010717E-02
  2.2400000000E+01  4.4000000000E+00 -1.1616343257E+01  3.6950273485E+01  1.7752493972E-02
  2.2400000000E+01  6.4000000000E+00 -1.5207213319E+01  3.7340650835E+01  1.1941541284E-02
 
  2.4400000000E+01 -1.9600000000E+01  6.3477955254E-02  4.0382620513E+01  1.4905252837E-02
  2.4400000000E+01 -1.7600000000E+01 -7.5730237295E-01  4.0099130812E+01  1.8185931883E-02
  2.4400000000E+01 -1.5600000000E+01 -6.7110496402E-01  4.0118023462E+01  2.0024794172E-02
  2.4400000000E+01 -1.3600000000E+01 -1.2167808965E+00  4.0242452510E+01  2.0983985507E-02
  2.4400000000E+01 -1.1600000000E+01 -1.4962454633E+00  4.0197677656E+01  2.1370275325E-02
  2.4400000000E+01 -9.6000000000E+00 -1.1795232864E+00  3.9742915157E+01  2.1656047406E-02
  2.4400000000E+01 -7.6000000000E+00 -1.4444142285E+00  3.9588487339E+01  2.1732734321E-02
  2.4400000000E+01 -5.6000000000E+00 -1.9087683182E+00  3.9353061552E+01  2.1666121017E-02
  2.4400000000E+01 -3.6000000000E+00 -2.1970179658E+00  3.8783365181E+01  2.1512011227E-02
  2.4400000000E+01 -1.6000000000E+00 -2.8593057505E+00  3.8018724481E+01  2.1172971093E-02
  2.4400000000E+01  4.0000000000E-01 -3.9521909989E+00  3.7088919379E+01  2.0293701783E-02
  2.4400000000E+01  2.4000000000E+00 -5.1155584189E+00  3.5394899275E+01  1.8545941116E-02
  2.4400000000E+01  4.4000000000E+00 -7.5108424271E+00  3.3115919399E+01  1.5184045026E-02
 
  2.6400000000E+01 -1.7600000000E+01 -2.8489536806E-02  4.0096992968E+01  1.4523054140E-02
  2.6400000000E+01 -1.5600000000E+01 -6.7460763292E-01  4.0001556614E+01  1.7598935511E-02
  2.6400000000E+01 -1.3600000000E+01 -5.4903127842E-01  3.9889050430E+01  1.9148136778E-02
  2.6400000000E+01 -1.1600000000E+01 -7.6738214944E-01  3.9868286076E+01  2.0120355949E-02
  2.6400000000E+01 -9.6000000000E+00 -1.1717035960E+00  3.9857904252E+01  2.0600763850E-02
  2.6400000000E+01 -7.6000000000E+00 -1.2639407551E+00  3.9636415687E+01  2.0767899297E-02
  2.6400000000E+01 -5.6000000000E+00 -9.2325098727E-01  3.9044804559E+01  2.0758608135E-02
  2.6400000000E+01 -3.6000000000E+00 -1.1870079940E+00  3.8618900484E+01  2.0349426796E-02
  2.6400000000E+01 -1.6000000000E+00 -1.2321883231E+00  3.7557545960E+01  1.9557854298E-02
  2.6400000000E+01  4.0000000000E-01 -1.3160545903E+00  3.6044625098E+01  1.8230426030E-02
  2.6400000000E+01  2.4000000000E+00 -1.9834017180E+00  3.4156965849E+01  1.5660148219E-02
 
  2.8400000000E+01 -1.5600000000E+01  3.0262953657E-01  3.9699723877E+01  1.2007659238E-02
  2.8400000000E+01 -1.3600000000E+01 -3.9125066243E-01  3.9843810682E+01  1.5589246362E-02
  2.8400000000E+01 -1.1600000000E+01 -3.9030172923E-01  3.9794250555E+01  1.7313357220E-02
  2.8400000000E+01 -9.6000000000E+00 -3.5357388848E-01  3.9753678090E+01  1.8086159591E-02
  2.8400000000E+01 -7.6000000000E+00 -1.1626985105E-01  3.9439063728E+01  1.8415893380E-02
  2.8400000000E+01 -5.6000000000E+00 -3.3382019970E-01  3.9385090649E+01  1.8245837083E-02
  2.8400000000E+01 -3.6000000000E+00  1.7257507506E-01  3.8636453612E+01  1.7748332089E-02
  2.8400000000E+01 -1.6000000000E+00  6.2008725806E-01  3.7687587476E+01  1.6537458153E-02
  2.8400000000E+01  4.0000000000E-01  9.0971727567E-01  3.6372838877E+01  1.3757225989E-02
 
  3.0400000000E+01 -9.6000000000E+00  3.6466818985E-01  3.9683645675E+01  1.1988907061E-02
  3.0400000000E+01 -7.6000000000E+00  5.3141357422E-02  3.9857979664E+01  1.2749824955E-02
  3.0400000000E+01 -5.6000000000E+00  7.0819241801E-01  3.9467514797E+01  1.2481332978E-02
 
 
 
 
 
 
 
 
 
 
 
 
 
 
