# Tiempo(ps), Ax(AA/ps**2), Ay(AA/ps**2), Az(AA/ps**2)
    0.000000E+00 -1.0550824780E-08 -2.4577853465E-07 -1.8479096457E-07
    5.000000E-05 -5.0870697389E-06  1.3951682650E-05  1.4012673742E-05
    1.000000E-04  6.7271271699E-05  7.0081919764E-05 -2.8296168624E-06
    1.500000E-04  2.1596426379E-09  1.2115110904E-08  6.8295742328E-08
    2.000000E-04 -2.5050001851E-09  1.3005910469E-08  7.1771717361E-08
    2.500000E-04 -2.9631825494E-09  1.2671747090E-08  7.3567719771E-08
    3.000000E-04 -2.8135105352E-09  1.2584287312E-08  7.3525335440E-08
    3.500000E-04 -2.8685366175E-09  1.2635142447E-08  7.3519298188E-08
    4.000000E-04 -2.7716783323E-09  1.2585761524E-08  7.3527837985E-08
    4.500000E-04 -2.6725443090E-09  1.2534854132E-08  7.3566320259E-08
    5.000000E-04 -2.7104843409E-09  1.2588515383E-08  7.3542823171E-08
    5.500000E-04 -2.7824589745E-09  1.2688390621E-08  7.3422077361E-08
    6.000000E-04 -2.7597140162E-09  1.2709639528E-08  7.3403438063E-08
    6.500000E-04 -2.6620318908E-09  1.2684470503E-08  7.3394233472E-08
    7.000000E-04 -2.6350198891E-09  1.2710794889E-08  7.3373046597E-08
    7.500000E-04 -2.6058627857E-09  1.2739655120E-08  7.3350637682E-08
    8.000000E-04 -2.5978519224E-09  1.2782261220E-08  7.3344624806E-08
    8.500000E-04 -2.5644795794E-09  1.2816147669E-08  7.3319724040E-08
    9.000000E-04 -2.5057532002E-09  1.2841278532E-08  7.3275937540E-08
    9.500000E-04 -2.4914507747E-09  1.2891339112E-08  7.3266210789E-08
    1.000000E-03 -2.4285706300E-09  1.2921386954E-08  7.3219963399E-08
    1.050000E-03 -2.4181649139E-09  1.2987558742E-08  7.3179717617E-08
    1.100000E-03 -2.3744438898E-09  1.3033678805E-08  7.3148674787E-08
    1.150000E-03 -2.3054385325E-09  1.3070959087E-08  7.3098775161E-08
    1.200000E-03 -2.2496634790E-09  1.3110605507E-08  7.3093382774E-08
