# Tiempo(ps), Ax(AA/ps**2), Ay(AA/ps**2), Az(AA/ps**2)
    0.000000E+00  3.6759073227E-13  4.4471708709E-13 -9.3928395726E-06
    5.000000E-05 -2.9140823473E-16 -3.2700846522E-16 -9.3936362305E-06
    1.000000E-04 -2.9143700472E-16 -3.2704033119E-16 -9.3944095717E-06
    1.500000E-04 -2.9146574333E-16 -3.2707183647E-16 -9.3951829826E-06
    2.000000E-04 -2.9149590282E-16 -3.2710393040E-16 -9.3959564703E-06
    2.500000E-04 -2.9152578639E-16 -3.2713535181E-16 -9.3967300328E-06
    3.000000E-04 -2.9155272346E-16 -3.2716686038E-16 -9.3975036721E-06
    3.500000E-04 -2.9158194910E-16 -3.2719882020E-16 -9.3982773884E-06
    4.000000E-04 -2.9161146956E-16 -3.2723034417E-16 -9.3990511819E-06
    4.500000E-04 -2.9164023499E-16 -3.2726245532E-16 -9.3998250560E-06
    5.000000E-04 -2.9166997024E-16 -3.2729444916E-16 -9.4005990009E-06
    5.500000E-04 -2.9169799229E-16 -3.2732579064E-16 -9.4013730211E-06
    6.000000E-04 -2.9172784307E-16 -3.2735726203E-16 -9.4021471092E-06
    6.500000E-04 -2.9175575201E-16 -3.2738910494E-16 -9.4029212682E-06
    7.000000E-04 -2.9178649514E-16 -3.2742107294E-16 -9.4036955009E-06
    7.500000E-04 -2.9181485929E-16 -3.2745241149E-16 -9.4044698048E-06
    8.000000E-04 -2.9184381109E-16 -3.2748447676E-16 -9.4052441821E-06
    8.500000E-04 -2.9187270712E-16 -3.2751514153E-16 -9.4060186355E-06
    9.000000E-04 -2.9190229222E-16 -3.2754735723E-16 -9.4067931652E-06
    9.500000E-04 -2.9193203200E-16 -3.2757901779E-16 -9.4075677653E-06
    1.000000E-03 -2.9196111640E-16 -3.2761085020E-16 -9.4083424387E-06
    1.050000E-03 -2.9198930934E-16 -3.2764241116E-16 -9.4091171885E-06
    1.100000E-03 -2.9201903723E-16 -3.2767383200E-16 -9.4098920151E-06
    1.150000E-03 -2.9204631611E-16 -3.2770602750E-16 -9.4106669174E-06
    1.200000E-03 -2.9207514857E-16 -3.2773748236E-16 -9.4114418980E-06
