  0.10000000E-01 -0.79184687E-01 -0.39255015E+03  0.50543398E+02 -0.44301436E+03 -0.43411139E+04
  0.20000000E-01 -0.79625737E-01 -0.39370259E+03  0.49809486E+02 -0.44343245E+03 -0.43410730E+04
  0.30000000E-01 -0.80066738E-01 -0.39474453E+03  0.49090267E+02 -0.44375473E+03 -0.43410278E+04
  0.40000000E-01 -0.80507661E-01 -0.39570188E+03  0.48385390E+02 -0.44400677E+03 -0.43409797E+04
  0.50000000E-01 -0.80948475E-01 -0.39661658E+03  0.47694509E+02 -0.44423014E+03 -0.43409313E+04
  0.60000000E-01 -0.81389149E-01 -0.39753109E+03  0.47017278E+02 -0.44446698E+03 -0.43408854E+04
  0.70000000E-01 -0.81829656E-01 -0.39847274E+03  0.46353348E+02 -0.44474426E+03 -0.43408439E+04
  0.80000000E-01 -0.82269968E-01 -0.39944579E+03  0.45702372E+02 -0.44506590E+03 -0.43408078E+04
  0.90000000E-01 -0.82710067E-01 -0.40043399E+03  0.45064015E+02 -0.44541530E+03 -0.43407767E+04
  0.10000000E+00 -0.83149934E-01 -0.40140990E+03  0.44437958E+02 -0.44576471E+03 -0.43407494E+04
  0.11000000E+00 -0.83589552E-01 -0.40234552E+03  0.43823906E+02 -0.44608584E+03 -0.43407246E+04
  0.12000000E+00 -0.84028905E-01 -0.40322145E+03  0.43221587E+02 -0.44635901E+03 -0.43407015E+04
  0.13000000E+00 -0.84467975E-01 -0.40403349E+03  0.42630746E+02 -0.44657976E+03 -0.43406803E+04
  0.14000000E+00 -0.84906740E-01 -0.40479529E+03  0.42051135E+02 -0.44676152E+03 -0.43406611E+04
  0.15000000E+00 -0.85345180E-01 -0.40553431E+03  0.41482504E+02 -0.44693147E+03 -0.43406441E+04
  0.16000000E+00 -0.85783274E-01 -0.40628081E+03  0.40924600E+02 -0.44711962E+03 -0.43406288E+04
  0.17000000E+00 -0.86221003E-01 -0.40705509E+03  0.40377165E+02 -0.44734604E+03 -0.43406148E+04
  0.18000000E+00 -0.86658352E-01 -0.40785982E+03  0.39839944E+02 -0.44761310E+03 -0.43406017E+04
  0.19000000E+00 -0.87095309E-01 -0.40868088E+03  0.39312690E+02 -0.44790647E+03 -0.43405892E+04
  0.20000000E+00 -0.87531865E-01 -0.40949474E+03  0.38795170E+02 -0.44820238E+03 -0.43405779E+04
  0.21000000E+00 -0.87968011E-01 -0.41027750E+03  0.38287174E+02 -0.44847671E+03 -0.43405683E+04
  0.22000000E+00 -0.88403738E-01 -0.41101233E+03  0.37788507E+02 -0.44871243E+03 -0.43405615E+04
  0.23000000E+00 -0.88839037E-01 -0.41169399E+03  0.37298989E+02 -0.44890414E+03 -0.43405579E+04
  0.24000000E+00 -0.89273896E-01 -0.41232964E+03  0.36818445E+02 -0.44905881E+03 -0.43405577E+04
  0.25000000E+00 -0.89708301E-01 -0.41293514E+03  0.36346700E+02 -0.44919213E+03 -0.43405600E+04
  0.26000000E+00 -0.90142237E-01 -0.41352798E+03  0.35883575E+02 -0.44932142E+03 -0.43405640E+04
  0.27000000E+00 -0.90575693E-01 -0.41412091E+03  0.35428888E+02 -0.44945922E+03 -0.43405689E+04
  0.28000000E+00 -0.91008655E-01 -0.41471980E+03  0.34982459E+02 -0.44961125E+03 -0.43405750E+04
  0.29000000E+00 -0.91441113E-01 -0.41532601E+03  0.34544109E+02 -0.44977868E+03 -0.43405825E+04
  0.30000000E+00 -0.91873057E-01 -0.41593946E+03  0.34113662E+02 -0.44996125E+03 -0.43405920E+04
  0.31000000E+00 -0.92304482E-01 -0.41655935E+03  0.33690946E+02 -0.45015799E+03 -0.43406036E+04
  0.32000000E+00 -0.92735381E-01 -0.41718225E+03  0.33275796E+02 -0.45036531E+03 -0.43406170E+04
  0.33000000E+00 -0.93165750E-01 -0.41780060E+03  0.32868053E+02 -0.45057549E+03 -0.43406315E+04
  0.34000000E+00 -0.93595587E-01 -0.41840304E+03  0.32467567E+02 -0.45077701E+03 -0.43406465E+04
  0.35000000E+00 -0.94024887E-01 -0.41897679E+03  0.32074204E+02 -0.45095697E+03 -0.43406613E+04
  0.36000000E+00 -0.94453647E-01 -0.41951100E+03  0.31687838E+02 -0.45110439E+03 -0.43406758E+04
  0.37000000E+00 -0.94881861E-01 -0.42000030E+03  0.31308351E+02 -0.45121377E+03 -0.43406901E+04
  0.38000000E+00 -0.95309521E-01 -0.42044763E+03  0.30935630E+02 -0.45128795E+03 -0.43407044E+04
  0.39000000E+00 -0.95736617E-01 -0.42086435E+03  0.30569560E+02 -0.45133817E+03 -0.43407186E+04
  0.40000000E+00 -0.96163138E-01 -0.42126668E+03  0.30210022E+02 -0.45138054E+03 -0.43407323E+04
  0.41000000E+00 -0.96589073E-01 -0.42167009E+03  0.29856888E+02 -0.45143039E+03 -0.43407451E+04
  0.42000000E+00 -0.97014412E-01 -0.42208519E+03  0.29510025E+02 -0.45149820E+03 -0.43407571E+04
  0.43000000E+00 -0.97439148E-01 -0.42251743E+03  0.29169299E+02 -0.45158929E+03 -0.43407687E+04
  0.44000000E+00 -0.97863273E-01 -0.42296918E+03  0.28834574E+02 -0.45170589E+03 -0.43407803E+04
  0.45000000E+00 -0.98286785E-01 -0.42344110E+03  0.28505715E+02 -0.45184853E+03 -0.43407923E+04
  0.46000000E+00 -0.98709683E-01 -0.42393141E+03  0.28182589E+02 -0.45201529E+03 -0.43408049E+04
  0.47000000E+00 -0.99131966E-01 -0.42443406E+03  0.27865067E+02 -0.45219999E+03 -0.43408179E+04
  0.48000000E+00 -0.99553639E-01 -0.42493821E+03  0.27553028E+02 -0.45239168E+03 -0.43408312E+04
  0.49000000E+00 -0.99974705E-01 -0.42542989E+03  0.27246364E+02 -0.45257628E+03 -0.43408447E+04
  0.50000000E+00 -0.10039517E+00 -0.42589500E+03  0.26944979E+02 -0.45273959E+03 -0.43408587E+04
  0.51000000E+00 -0.10081503E+00 -0.42632256E+03  0.26648788E+02 -0.45287053E+03 -0.43408732E+04
  0.52000000E+00 -0.10123429E+00 -0.42670699E+03  0.26357712E+02 -0.45296347E+03 -0.43408885E+04
  0.53000000E+00 -0.10165295E+00 -0.42704868E+03  0.26071679E+02 -0.45301871E+03 -0.43409043E+04
  0.54000000E+00 -0.10207099E+00 -0.42735247E+03  0.25790614E+02 -0.45304102E+03 -0.43409202E+04
  0.55000000E+00 -0.10248843E+00 -0.42762529E+03  0.25514442E+02 -0.45303725E+03 -0.43409361E+04
  0.56000000E+00 -0.10290524E+00 -0.42787491E+03  0.25243081E+02 -0.45301509E+03 -0.43409518E+04
  0.57000000E+00 -0.10332141E+00 -0.42811059E+03  0.24976449E+02 -0.45298372E+03 -0.43409673E+04
  0.58000000E+00 -0.10373695E+00 -0.42834395E+03  0.24714452E+02 -0.45295466E+03 -0.43409827E+04
  0.59000000E+00 -0.10415182E+00 -0.42858800E+03  0.24456992E+02 -0.45294084E+03 -0.43409978E+04
  0.60000000E+00 -0.10456604E+00 -0.42885412E+03  0.24203960E+02 -0.45295351E+03 -0.43410124E+04
  0.61000000E+00 -0.10497959E+00 -0.42914904E+03  0.23955237E+02 -0.45299930E+03 -0.43410264E+04
  0.62000000E+00 -0.10539247E+00 -0.42947435E+03  0.23710706E+02 -0.45307966E+03 -0.43410400E+04
  0.63000000E+00 -0.10580469E+00 -0.42982798E+03  0.23470249E+02 -0.45319243E+03 -0.43410532E+04
  0.64000000E+00 -0.10621624E+00 -0.43020603E+03  0.23233750E+02 -0.45333356E+03 -0.43410662E+04
  0.65000000E+00 -0.10662713E+00 -0.43060312E+03  0.23001099E+02 -0.45349759E+03 -0.43410788E+04
  0.66000000E+00 -0.10703738E+00 -0.43101200E+03  0.22772191E+02 -0.45367716E+03 -0.43410911E+04
  0.67000000E+00 -0.10744700E+00 -0.43142345E+03  0.22546931E+02 -0.45386293E+03 -0.43411030E+04
  0.68000000E+00 -0.10785606E+00 -0.43182712E+03  0.22325236E+02 -0.45404450E+03 -0.43411146E+04
  0.69000000E+00 -0.10826460E+00 -0.43221309E+03  0.22107035E+02 -0.45421186E+03 -0.43411261E+04
  0.70000000E+00 -0.10867268E+00 -0.43257332E+03  0.21892269E+02 -0.45435691E+03 -0.43411375E+04
  0.71000000E+00 -0.10908035E+00 -0.43290246E+03  0.21680890E+02 -0.45447427E+03 -0.43411490E+04
  0.72000000E+00 -0.10948766E+00 -0.43319798E+03  0.21472854E+02 -0.45456135E+03 -0.43411606E+04
  0.73000000E+00 -0.10989465E+00 -0.43345936E+03  0.21268124E+02 -0.45461759E+03 -0.43411724E+04
  0.74000000E+00 -0.11030136E+00 -0.43368747E+03  0.21066665E+02 -0.45464383E+03 -0.43411844E+04
  0.75000000E+00 -0.11070782E+00 -0.43388466E+03  0.20868448E+02 -0.45464240E+03 -0.43411966E+04
  0.76000000E+00 -0.11111408E+00 -0.43405533E+03  0.20673440E+02 -0.45461766E+03 -0.43412090E+04
  0.77000000E+00 -0.11152015E+00 -0.43420601E+03  0.20481608E+02 -0.45457610E+03 -0.43412215E+04
  0.78000000E+00 -0.11192607E+00 -0.43434430E+03  0.20292908E+02 -0.45452528E+03 -0.43412340E+04
  0.79000000E+00 -0.11233186E+00 -0.43447732E+03  0.20107292E+02 -0.45447228E+03 -0.43412463E+04
  0.80000000E+00 -0.11273755E+00 -0.43461094E+03  0.19924705E+02 -0.45442291E+03 -0.43412585E+04
  0.81000000E+00 -0.11314316E+00 -0.43475021E+03  0.19745085E+02 -0.45438215E+03 -0.43412707E+04
  0.82000000E+00 -0.11354873E+00 -0.43490000E+03  0.19568364E+02 -0.45435481E+03 -0.43412828E+04
  0.83000000E+00 -0.11395427E+00 -0.43506462E+03  0.19394465E+02 -0.45434513E+03 -0.43412948E+04
  0.84000000E+00 -0.11435981E+00 -0.43524685E+03  0.19223304E+02 -0.45435579E+03 -0.43413065E+04
  0.85000000E+00 -0.11476538E+00 -0.43544734E+03  0.19054796E+02 -0.45438737E+03 -0.43413181E+04
  0.86000000E+00 -0.11517101E+00 -0.43566515E+03  0.18888857E+02 -0.45443884E+03 -0.43413294E+04
  0.87000000E+00 -0.11557673E+00 -0.43589853E+03  0.18725403E+02 -0.45450836E+03 -0.43413404E+04
  0.88000000E+00 -0.11598257E+00 -0.43614521E+03  0.18564351E+02 -0.45459358E+03 -0.43413509E+04
  0.89000000E+00 -0.11638858E+00 -0.43640217E+03  0.18405625E+02 -0.45469141E+03 -0.43413609E+04
  0.90000000E+00 -0.11679477E+00 -0.43666548E+03  0.18249157E+02 -0.45479784E+03 -0.43413704E+04
  0.91000000E+00 -0.11720119E+00 -0.43693063E+03  0.18094888E+02 -0.45490832E+03 -0.43413794E+04
  0.92000000E+00 -0.11760786E+00 -0.43719306E+03  0.17942765E+02 -0.45501821E+03 -0.43413878E+04
  0.93000000E+00 -0.11801484E+00 -0.43744847E+03  0.17792745E+02 -0.45512320E+03 -0.43413958E+04
  0.94000000E+00 -0.11842214E+00 -0.43769307E+03  0.17644791E+02 -0.45521944E+03 -0.43414033E+04
  0.95000000E+00 -0.11882980E+00 -0.43792363E+03  0.17498870E+02 -0.45530367E+03 -0.43414103E+04
  0.96000000E+00 -0.11923785E+00 -0.43813749E+03  0.17354953E+02 -0.45537321E+03 -0.43414169E+04
  0.97000000E+00 -0.11964632E+00 -0.43833265E+03  0.17213015E+02 -0.45542602E+03 -0.43414230E+04
  0.98000000E+00 -0.12005524E+00 -0.43850783E+03  0.17073033E+02 -0.45546081E+03 -0.43414287E+04
  0.99000000E+00 -0.12046463E+00 -0.43866281E+03  0.16934984E+02 -0.45547733E+03 -0.43414339E+04
  0.10000000E+01 -0.12087451E+00 -0.43879849E+03  0.16798848E+02 -0.45547647E+03 -0.43414385E+04
  0.10100000E+01 -0.12128490E+00 -0.43891667E+03  0.16664604E+02 -0.45545999E+03 -0.43414426E+04
  0.10200000E+01 -0.12169581E+00 -0.43901956E+03  0.16532227E+02 -0.45543010E+03 -0.43414461E+04
  0.10300000E+01 -0.12210727E+00 -0.43910970E+03  0.16401694E+02 -0.45538929E+03 -0.43414492E+04
  0.10400000E+01 -0.12251929E+00 -0.43919013E+03  0.16272979E+02 -0.45534058E+03 -0.43414518E+04
  0.10500000E+01 -0.12293187E+00 -0.43926449E+03  0.16146050E+02 -0.45528761E+03 -0.43414540E+04
  0.10600000E+01 -0.12334504E+00 -0.43933673E+03  0.16020875E+02 -0.45523426E+03 -0.43414557E+04
  0.10700000E+01 -0.12375879E+00 -0.43941050E+03  0.15897417E+02 -0.45518416E+03 -0.43414571E+04
  0.10800000E+01 -0.12417314E+00 -0.43948894E+03  0.15775636E+02 -0.45514041E+03 -0.43414581E+04
  0.10900000E+01 -0.12458809E+00 -0.43957498E+03  0.15655489E+02 -0.45510588E+03 -0.43414586E+04
  0.11000000E+01 -0.12500367E+00 -0.43967136E+03  0.15536933E+02 -0.45508329E+03 -0.43414589E+04
  0.11100000E+01 -0.12541988E+00 -0.43978047E+03  0.15419919E+02 -0.45507497E+03 -0.43414587E+04
  0.11200000E+01 -0.12583672E+00 -0.43990386E+03  0.15304401E+02 -0.45508242E+03 -0.43414581E+04
  0.11300000E+01 -0.12625422E+00 -0.44004214E+03  0.15190331E+02 -0.45510622E+03 -0.43414572E+04
  0.11400000E+01 -0.12667239E+00 -0.44019529E+03  0.15077665E+02 -0.45514628E+03 -0.43414560E+04
  0.11500000E+01 -0.12709125E+00 -0.44036279E+03  0.14966354E+02 -0.45520205E+03 -0.43414545E+04
  0.11600000E+01 -0.12751080E+00 -0.44054359E+03  0.14856357E+02 -0.45527244E+03 -0.43414526E+04
  0.11700000E+01 -0.12793108E+00 -0.44073596E+03  0.14747630E+02 -0.45535565E+03 -0.43414505E+04
  0.11800000E+01 -0.12835209E+00 -0.44093752E+03  0.14640136E+02 -0.45544931E+03 -0.43414480E+04
  0.11900000E+01 -0.12877385E+00 -0.44114558E+03  0.14533841E+02 -0.45555064E+03 -0.43414452E+04
  0.12000000E+01 -0.12919640E+00 -0.44135721E+03  0.14428716E+02 -0.45565673E+03 -0.43414421E+04
  0.12100000E+01 -0.12961973E+00 -0.44156939E+03  0.14324738E+02 -0.45576450E+03 -0.43414386E+04
  0.12200000E+01 -0.13004388E+00 -0.44177898E+03  0.14221884E+02 -0.45587082E+03 -0.43414348E+04
  0.12300000E+01 -0.13046887E+00 -0.44198288E+03  0.14120142E+02 -0.45597255E+03 -0.43414307E+04
  0.12400000E+01 -0.13089470E+00 -0.44217812E+03  0.14019499E+02 -0.45606672E+03 -0.43414263E+04
  0.12500000E+01 -0.13132139E+00 -0.44236195E+03  0.13919947E+02 -0.45615057E+03 -0.43414215E+04
  0.12600000E+01 -0.13174896E+00 -0.44253194E+03  0.13821482E+02 -0.45622167E+03 -0.43414164E+04
  0.12700000E+01 -0.13217742E+00 -0.44268613E+03  0.13724102E+02 -0.45627806E+03 -0.43414109E+04
  0.12800000E+01 -0.13260677E+00 -0.44282308E+03  0.13627806E+02 -0.45631828E+03 -0.43414051E+04
  0.12900000E+01 -0.13303701E+00 -0.44294171E+03  0.13532594E+02 -0.45634127E+03 -0.43413989E+04
  0.13000000E+01 -0.13346816E+00 -0.44304139E+03  0.13438467E+02 -0.45634639E+03 -0.43413924E+04
  0.13100000E+01 -0.13390020E+00 -0.44312196E+03  0.13345425E+02 -0.45633348E+03 -0.43413855E+04
  0.13200000E+01 -0.13433314E+00 -0.44318392E+03  0.13253471E+02 -0.45630306E+03 -0.43413783E+04
  0.13300000E+01 -0.13476695E+00 -0.44322831E+03  0.13162603E+02 -0.45625615E+03 -0.43413707E+04
  0.13400000E+01 -0.13520164E+00 -0.44325648E+03  0.13072822E+02 -0.45619410E+03 -0.43413627E+04
  0.13500000E+01 -0.13563719E+00 -0.44326997E+03  0.12984126E+02 -0.45611846E+03 -0.43413544E+04
  0.13600000E+01 -0.13607358E+00 -0.44327072E+03  0.12896513E+02 -0.45603116E+03 -0.43413457E+04
