# Tiempo(ps), x(AA), y(AA), z(AA)
    0.000000E+00  0.0000000000E+00  0.0000000000E+00  5.0000000000E+01
    5.000000E-05  4.5948841534E-22  5.5589635886E-22  4.9999500000E+01
    1.000000E-04  1.3781009857E-21  1.6672803160E-21  4.9999000000E+01
    1.500000E-04  2.2959849996E-21  2.7778467122E-21  4.9998500000E+01
    2.000000E-04  2.9281077131E-21  3.5427782217E-21  4.9998000000E+01
    2.500000E-04  4.0671896254E-21  4.9210656237E-21  4.9997500000E+01
    3.000000E-04  4.9225316937E-21  5.9561636055E-21  4.9997000000E+01
    3.500000E-04  5.7916738213E-21  7.0080200009E-21  4.9996500000E+01
    4.000000E-04  6.5942509887E-21  7.9794135321E-21  4.9996000000E+01
    4.500000E-04  7.4354032077E-21  8.9975369476E-21  4.9995500000E+01
    5.000000E-04  8.2749763801E-21  1.0013813988E-20  4.9995000000E+01
    5.500000E-04  9.1224659997E-21  1.1039731801E-20  4.9994500000E+01
    6.000000E-04  9.9652537691E-21  1.2060025448E-20  4.9994000000E+01
    6.500000E-04  1.0807502429E-20  1.3079730810E-20  4.9993500000E+01
    7.000000E-04  1.1648002334E-20  1.4097384515E-20  4.9993000000E+01
    7.500000E-04  1.2488124185E-20  1.5114644793E-20  4.9992500000E+01
    8.000000E-04  1.3327474336E-20  1.6131035421E-20  4.9992000000E+01
    8.500000E-04  1.4166203569E-20  1.7146738831E-20  4.9991500000E+01
    9.000000E-04  1.5004173865E-20  1.8161588055E-20  4.9991000000E+01
    9.500000E-04  1.5841421465E-20  1.9175626949E-20  4.9990500000E+01
    1.000000E-03  1.6677928550E-20  2.0188833966E-20  4.9990000000E+01
    1.050000E-03  1.7513708177E-20  2.1201224908E-20  4.9989500000E+01
    1.100000E-03  1.8348756889E-20  2.2212795605E-20  4.9989000000E+01
    1.150000E-03  1.9183076574E-20  2.3223548349E-20  4.9988500000E+01
    1.200000E-03  2.0016665965E-20  2.4233481606E-20  4.9988000000E+01
