# Tiempo(ps), x(AA), y(AA), z(AA)
    0.000000E+00  0.0000000000E+00  0.0000000000E+00  0.0000000000E+00
    5.000000E-05 -1.3188530976E-17 -3.0722316831E-16 -2.3098870571E-16
    1.000000E-04 -6.3984027666E-15  1.6517933808E-14  1.6822876060E-14
    1.500000E-04  6.4946635448E-14  1.3838509380E-13  4.7855561926E-14
    2.000000E-04  1.2244743284E-13  2.6691641512E-13  9.4739939050E-14
    2.500000E-04  4.0609555800E-13  5.8225925328E-13  9.7148116698E-14
    3.000000E-04  3.9999924468E-13  6.4531231318E-13  1.4757912450E-13
    3.500000E-04  5.6234342444E-13  8.6974973022E-13  1.8086520583E-13
    4.000000E-04  6.4138321025E-13  1.0145730291E-12  2.2302134691E-13
    4.500000E-04  7.7399489997E-13  1.2069370503E-12  2.5712048069E-13
    5.000000E-04  8.7883217102E-13  1.3722499624E-12  2.9391481893E-13
    5.500000E-04  9.9609598772E-13  1.5494532823E-12  3.2957582253E-13
    6.000000E-04  1.1062483041E-12  1.7202807640E-12  3.6643635471E-13
    6.500000E-04  1.2198322939E-12  1.8945202257E-12  4.0318839800E-13
    7.000000E-04  1.3318935429E-12  2.0673600313E-12  4.4029470992E-13
    7.500000E-04  1.4447703977E-12  2.2409852603E-12  4.7747568814E-13
    8.000000E-04  1.5572613204E-12  2.4142685768E-12  5.1487180881E-13
    8.500000E-04  1.6699143028E-12  2.5877418442E-12  5.5243136018E-13
    9.000000E-04  1.7824727560E-12  2.7611650599E-12  5.9018502196E-13
    9.500000E-04  1.8950642548E-12  2.9346591052E-12  6.2811857224E-13
    1.000000E-03  2.0076317162E-12  3.1081687509E-12  6.6623747492E-13
    1.050000E-03  2.1202021434E-12  3.2817191101E-12  7.0453836447E-13
    1.100000E-03  2.2327624155E-12  3.4552980974E-12  7.4302268376E-13
    1.150000E-03  2.3453186949E-12  3.6289112144E-12  7.8168961766E-13
    1.200000E-03  2.4578681330E-12  3.8025562087E-12  8.2053945674E-13
