 #Potential interaction           2 ->           1
  0.10000000E+00  0.24807400E+04
  0.11000000E+00  0.24807400E+04
  0.12000000E+00  0.24807400E+04
  0.13000000E+00  0.24807400E+04
  0.14000000E+00  0.24807400E+04
  0.15000000E+00  0.24807400E+04
  0.16000000E+00  0.24807400E+04
  0.17000000E+00  0.24807400E+04
  0.18000000E+00  0.24807400E+04
  0.19000000E+00  0.24807400E+04
  0.20000000E+00  0.24807400E+04
  0.21000000E+00  0.24807400E+04
  0.22000000E+00  0.24807400E+04
  0.23000000E+00  0.24807400E+04
  0.24000000E+00  0.24807400E+04
  0.25000000E+00  0.24807400E+04
  0.26000000E+00  0.24807400E+04
  0.27000000E+00  0.24807400E+04
  0.28000000E+00  0.24807400E+04
  0.29000000E+00  0.24807400E+04
  0.30000000E+00  0.24807400E+04
  0.31000000E+00  0.24807400E+04
  0.32000000E+00  0.24807400E+04
  0.33000000E+00  0.24807400E+04
  0.34000000E+00  0.24807400E+04
  0.35000000E+00  0.24807400E+04
  0.36000000E+00  0.24807400E+04
  0.37000000E+00  0.24807400E+04
  0.38000000E+00  0.24807400E+04
  0.39000000E+00  0.24807400E+04
  0.40000000E+00  0.24807400E+04
  0.41000000E+00  0.24807400E+04
  0.42000000E+00  0.24807400E+04
  0.43000000E+00  0.24807400E+04
  0.44000000E+00  0.24807400E+04
  0.45000000E+00  0.24807400E+04
  0.46000000E+00  0.24807400E+04
  0.47000000E+00  0.24807400E+04
  0.48000000E+00  0.24807400E+04
  0.49000000E+00  0.24807400E+04
  0.50000000E+00  0.24807400E+04
  0.51000000E+00  0.24807400E+04
  0.52000000E+00  0.24807400E+04
  0.53000000E+00  0.24807400E+04
  0.54000000E+00  0.24807400E+04
  0.55000000E+00  0.24807400E+04
  0.56000000E+00  0.24807400E+04
  0.57000000E+00  0.24807400E+04
  0.58000000E+00  0.24807400E+04
  0.59000000E+00  0.24807400E+04
  0.60000000E+00  0.24807400E+04
  0.61000000E+00  0.24807400E+04
  0.62000000E+00  0.24807400E+04
  0.63000000E+00  0.24807400E+04
  0.64000000E+00  0.24807400E+04
  0.65000000E+00  0.24807400E+04
  0.66000000E+00  0.24807400E+04
  0.67000000E+00  0.24807400E+04
  0.68000000E+00  0.24807400E+04
  0.69000000E+00  0.24807400E+04
  0.70000000E+00  0.24807400E+04
  0.71000000E+00  0.24807400E+04
  0.72000000E+00  0.24807400E+04
  0.73000000E+00  0.24807400E+04
  0.74000000E+00  0.24807400E+04
  0.75000000E+00  0.24807400E+04
  0.76000000E+00  0.24807400E+04
  0.77000000E+00  0.24807400E+04
  0.78000000E+00  0.24807400E+04
  0.79000000E+00  0.24807400E+04
  0.80000000E+00  0.24807400E+04
  0.81000000E+00  0.24807400E+04
  0.82000000E+00  0.24807400E+04
  0.83000000E+00  0.24807400E+04
  0.84000000E+00  0.24807400E+04
  0.85000000E+00  0.24807400E+04
  0.86000000E+00  0.24807400E+04
  0.87000000E+00  0.24807400E+04
  0.88000000E+00  0.24807400E+04
  0.89000000E+00  0.24807400E+04
  0.90000000E+00  0.24807400E+04
  0.91000000E+00  0.24807400E+04
  0.92000000E+00  0.24807400E+04
  0.93000000E+00  0.24807400E+04
  0.94000000E+00  0.24807400E+04
  0.95000000E+00  0.24807400E+04
  0.96000000E+00  0.24807400E+04
  0.97000000E+00  0.24807400E+04
  0.98000000E+00  0.24807400E+04
  0.99000000E+00  0.24807400E+04
  0.10000000E+01  0.24807400E+04
  0.10100000E+01  0.24807400E+04
  0.10200000E+01  0.24807400E+04
  0.10300000E+01  0.24807400E+04
  0.10400000E+01  0.24807400E+04
  0.10500000E+01  0.24807400E+04
  0.10600000E+01  0.24807400E+04
  0.10700000E+01  0.24807400E+04
  0.10800000E+01  0.24807400E+04
  0.10900000E+01  0.24807400E+04
  0.11000000E+01  0.24807400E+04
  0.11100000E+01  0.24807400E+04
  0.11200000E+01  0.24807400E+04
  0.11300000E+01  0.24807400E+04
  0.11400000E+01  0.24807400E+04
  0.11500000E+01  0.24807400E+04
  0.11600000E+01  0.24807400E+04
  0.11700000E+01  0.24807400E+04
  0.11800000E+01  0.24807400E+04
  0.11900000E+01  0.24807400E+04
  0.12000000E+01  0.24807400E+04
  0.12100000E+01  0.24807400E+04
  0.12200000E+01  0.24807400E+04
  0.12300000E+01  0.24807400E+04
  0.12400000E+01  0.24807400E+04
  0.12500000E+01  0.24807400E+04
  0.12600000E+01  0.24807400E+04
  0.12700000E+01  0.24807400E+04
  0.12800000E+01  0.24807400E+04
  0.12900000E+01  0.24807400E+04
  0.13000000E+01  0.24807400E+04
  0.13100000E+01  0.24807400E+04
  0.13200000E+01  0.24807400E+04
  0.13300000E+01  0.24807400E+04
  0.13400000E+01  0.24807400E+04
  0.13500000E+01  0.24807400E+04
  0.13600000E+01  0.24807400E+04
  0.13700000E+01  0.24807400E+04
  0.13800000E+01  0.24807400E+04
  0.13900000E+01  0.24807400E+04
  0.14000000E+01  0.24807400E+04
  0.14100000E+01  0.24807400E+04
  0.14200000E+01  0.24807400E+04
  0.14300000E+01  0.24807400E+04
  0.14400000E+01  0.24807400E+04
  0.14500000E+01  0.24807400E+04
  0.14600000E+01  0.24807400E+04
  0.14700000E+01  0.24807400E+04
  0.14800000E+01  0.24807400E+04
  0.14900000E+01  0.24807400E+04
  0.15000000E+01  0.24807400E+04
  0.15100000E+01  0.24807400E+04
  0.15200000E+01  0.24807400E+04
  0.15300000E+01  0.24807400E+04
  0.15400000E+01  0.24807400E+04
  0.15500000E+01  0.24807400E+04
  0.15600000E+01  0.24807400E+04
  0.15700000E+01  0.24807400E+04
  0.15800000E+01  0.24807400E+04
  0.15900000E+01  0.24807400E+04
  0.16000000E+01  0.24807400E+04
  0.16100000E+01  0.24807400E+04
  0.16200000E+01  0.24807400E+04
  0.16300000E+01  0.24807400E+04
  0.16400000E+01  0.24807400E+04
  0.16500000E+01  0.24807400E+04
  0.16600000E+01  0.24807400E+04
  0.16700000E+01  0.24807400E+04
  0.16800000E+01  0.24807400E+04
  0.16900000E+01  0.24807400E+04
  0.17000000E+01  0.24807400E+04
  0.17100000E+01  0.24807400E+04
  0.17200000E+01  0.24807400E+04
  0.17300000E+01  0.24807400E+04
  0.17400000E+01  0.24807400E+04
  0.17500000E+01  0.24807400E+04
  0.17600000E+01  0.24807400E+04
  0.17700000E+01  0.24807400E+04
  0.17800000E+01  0.24807400E+04
  0.17900000E+01  0.24807400E+04
  0.18000000E+01  0.24807400E+04
  0.18100000E+01  0.24807400E+04
  0.18200000E+01  0.24807400E+04
  0.18300000E+01  0.24807400E+04
  0.18400000E+01  0.24807400E+04
  0.18500000E+01  0.24807400E+04
  0.18600000E+01  0.24807400E+04
  0.18700000E+01  0.24807400E+04
  0.18800000E+01  0.24807400E+04
  0.18900000E+01  0.24807400E+04
  0.19000000E+01  0.24807400E+04
  0.19100000E+01  0.24807400E+04
  0.19200000E+01  0.24807400E+04
  0.19300000E+01  0.24807400E+04
  0.19400000E+01  0.24807400E+04
  0.19500000E+01  0.24807400E+04
  0.19600000E+01  0.24807400E+04
  0.19700000E+01  0.24807400E+04
  0.19800000E+01  0.24807400E+04
  0.19900000E+01  0.24807400E+04
  0.20000000E+01  0.24807400E+04
  0.20100000E+01  0.24807400E+04
  0.20200000E+01  0.24807400E+04
  0.20300000E+01  0.24807400E+04
  0.20400000E+01  0.24807400E+04
  0.20500000E+01  0.24807400E+04
  0.20600000E+01  0.24807400E+04
  0.20700000E+01  0.24807400E+04
  0.20800000E+01  0.24807400E+04
  0.20900000E+01  0.24807400E+04
  0.21000000E+01  0.24807400E+04
  0.21100000E+01  0.24807400E+04
  0.21200000E+01  0.24807400E+04
  0.21300000E+01  0.24807400E+04
  0.21400000E+01  0.24807400E+04
  0.21500000E+01  0.24807400E+04
  0.21600000E+01  0.24807400E+04
  0.21700000E+01  0.24807400E+04
  0.21800000E+01  0.24807400E+04
  0.21900000E+01  0.24807400E+04
  0.22000000E+01  0.24807400E+04
  0.22100000E+01  0.24807400E+04
  0.22200000E+01  0.24807400E+04
  0.22300000E+01  0.24807400E+04
  0.22400000E+01  0.24807400E+04
  0.22500000E+01  0.24807400E+04
  0.22600000E+01  0.24807400E+04
  0.22700000E+01  0.24807400E+04
  0.22800000E+01  0.24807400E+04
  0.22900000E+01  0.24807400E+04
  0.23000000E+01  0.24807400E+04
  0.23100000E+01  0.24807400E+04
  0.23200000E+01  0.24807400E+04
  0.23300000E+01  0.24807400E+04
  0.23400000E+01  0.24807400E+04
  0.23500000E+01  0.24807400E+04
  0.23600000E+01  0.24807400E+04
  0.23700000E+01  0.24807400E+04
  0.23800000E+01  0.24807400E+04
  0.23900000E+01  0.24807400E+04
  0.24000000E+01  0.24807400E+04
  0.24100000E+01  0.24807400E+04
  0.24200000E+01  0.24807400E+04
  0.24300000E+01  0.24807400E+04
  0.24400000E+01  0.24807400E+04
  0.24500000E+01  0.24807400E+04
  0.24600000E+01  0.24807400E+04
  0.24700000E+01  0.24807400E+04
  0.24800000E+01  0.24807400E+04
  0.24900000E+01  0.24807400E+04
  0.25000000E+01  0.24807400E+04
  0.25100000E+01  0.24807400E+04
  0.25200000E+01  0.24807400E+04
  0.25300000E+01  0.24807400E+04
  0.25400000E+01  0.24807400E+04
  0.25500000E+01  0.24807400E+04
  0.25600000E+01  0.24807400E+04
  0.25700000E+01  0.24807400E+04
  0.25800000E+01  0.24807400E+04
  0.25900000E+01  0.24807400E+04
  0.26000000E+01  0.24807400E+04
  0.26100000E+01  0.24807400E+04
  0.26200000E+01  0.24807400E+04
  0.26300000E+01  0.24807400E+04
  0.26400000E+01  0.24807400E+04
  0.26500000E+01  0.24807400E+04
  0.26600000E+01  0.24807400E+04
  0.26700000E+01  0.24807400E+04
  0.26800000E+01  0.24807400E+04
  0.26900000E+01  0.24807400E+04
  0.27000000E+01  0.24807400E+04
  0.27100000E+01  0.24807400E+04
  0.27200000E+01  0.24807400E+04
  0.27300000E+01  0.24807400E+04
  0.27400000E+01  0.24807400E+04
  0.27500000E+01  0.24807400E+04
  0.27600000E+01  0.24807400E+04
  0.27700000E+01  0.24807400E+04
  0.27800000E+01  0.24807400E+04
  0.27900000E+01  0.24807400E+04
  0.28000000E+01  0.24807400E+04
  0.28100000E+01  0.24807400E+04
  0.28200000E+01  0.24807400E+04
  0.28300000E+01  0.24807400E+04
  0.28400000E+01  0.24807400E+04
  0.28500000E+01  0.24807400E+04
  0.28600000E+01  0.23598873E+04
  0.28700000E+01  0.22447490E+04
  0.28800000E+01  0.21344579E+04
  0.28900000E+01  0.20288205E+04
  0.29000000E+01  0.19276505E+04
  0.29100000E+01  0.18307693E+04
  0.29200000E+01  0.17380049E+04
  0.29300000E+01  0.16491922E+04
  0.29400000E+01  0.15641725E+04
  0.29500000E+01  0.14827933E+04
  0.29600000E+01  0.14049083E+04
  0.29700000E+01  0.13303765E+04
  0.29800000E+01  0.12590627E+04
  0.29900000E+01  0.11908370E+04
  0.30000000E+01  0.11255746E+04
  0.30100000E+01  0.10631554E+04
  0.30200000E+01  0.10034643E+04
  0.30300000E+01  0.94639045E+03
  0.30400000E+01  0.89182759E+03
  0.30500000E+01  0.83967353E+03
  0.30600000E+01  0.78983010E+03
  0.30700000E+01  0.74220302E+03
  0.30800000E+01  0.69670174E+03
  0.30900000E+01  0.65323925E+03
  0.31000000E+01  0.61173199E+03
  0.31100000E+01  0.57209972E+03
  0.31200000E+01  0.53426534E+03
  0.31300000E+01  0.49815481E+03
  0.31400000E+01  0.46369705E+03
  0.31500000E+01  0.43082376E+03
  0.31600000E+01  0.39946937E+03
  0.31700000E+01  0.36957091E+03
  0.31800000E+01  0.34106789E+03
  0.31900000E+01  0.31390226E+03
  0.32000000E+01  0.28801826E+03
  0.32100000E+01  0.26336236E+03
  0.32200000E+01  0.23988314E+03
  0.32300000E+01  0.21753126E+03
  0.32400000E+01  0.19625935E+03
  0.32500000E+01  0.17602190E+03
  0.32600000E+01  0.15677527E+03
  0.32700000E+01  0.13847752E+03
  0.32800000E+01  0.12108843E+03
  0.32900000E+01  0.10456937E+03
  0.33000000E+01  0.88883271E+02
  0.33100000E+01  0.73994554E+02
  0.33200000E+01  0.59869074E+02
  0.33300000E+01  0.46474059E+02
  0.33400000E+01  0.33778061E+02
  0.33500000E+01  0.21750903E+02
  0.33600000E+01  0.10363628E+02
  0.33700000E+01 -0.41154741E+00
  0.33800000E+01 -0.10601282E+02
  0.33900000E+01 -0.20231151E+02
  0.34000000E+01 -0.29325690E+02
  0.34100000E+01 -0.37908436E+02
  0.34200000E+01 -0.46001967E+02
  0.34300000E+01 -0.53627939E+02
  0.34400000E+01 -0.60807122E+02
  0.34500000E+01 -0.67559439E+02
  0.34600000E+01 -0.73903993E+02
  0.34700000E+01 -0.79859103E+02
  0.34800000E+01 -0.85442338E+02
  0.34900000E+01 -0.90670539E+02
  0.35000000E+01 -0.95559856E+02
  0.35100000E+01 -0.10012577E+03
  0.35200000E+01 -0.10438312E+03
  0.35300000E+01 -0.10834614E+03
  0.35400000E+01 -0.11202845E+03
  0.35500000E+01 -0.11544312E+03
  0.35600000E+01 -0.11860269E+03
  0.35700000E+01 -0.12151914E+03
  0.35800000E+01 -0.12420397E+03
  0.35900000E+01 -0.12666821E+03
  0.36000000E+01 -0.12892240E+03
  0.36100000E+01 -0.13097665E+03
  0.36200000E+01 -0.13284064E+03
  0.36300000E+01 -0.13452365E+03
  0.36400000E+01 -0.13603456E+03
  0.36500000E+01 -0.13738186E+03
  0.36600000E+01 -0.13857370E+03
  0.36700000E+01 -0.13961788E+03
  0.36800000E+01 -0.14052185E+03
  0.36900000E+01 -0.14129275E+03
  0.37000000E+01 -0.14193741E+03
  0.37100000E+01 -0.14246238E+03
  0.37200000E+01 -0.14287390E+03
  0.37300000E+01 -0.14317797E+03
  0.37400000E+01 -0.14338030E+03
  0.37500000E+01 -0.14348638E+03
  0.37600000E+01 -0.14350143E+03
  0.37700000E+01 -0.14343046E+03
  0.37800000E+01 -0.14327825E+03
  0.37900000E+01 -0.14304939E+03
  0.38000000E+01 -0.14274823E+03
  0.38100000E+01 -0.14237896E+03
  0.38200000E+01 -0.14194557E+03
  0.38300000E+01 -0.14145186E+03
  0.38400000E+01 -0.14090148E+03
  0.38500000E+01 -0.14029790E+03
  0.38600000E+01 -0.13964443E+03
  0.38700000E+01 -0.13894426E+03
  0.38800000E+01 -0.13820039E+03
  0.38900000E+01 -0.13741571E+03
  0.39000000E+01 -0.13659297E+03
  0.39100000E+01 -0.13573480E+03
  0.39200000E+01 -0.13484369E+03
  0.39300000E+01 -0.13392202E+03
  0.39400000E+01 -0.13297207E+03
  0.39500000E+01 -0.13199601E+03
  0.39600000E+01 -0.13099588E+03
  0.39700000E+01 -0.12997366E+03
  0.39800000E+01 -0.12893122E+03
  0.39900000E+01 -0.12787032E+03
  0.40000000E+01 -0.12679266E+03
  0.40100000E+01 -0.12569985E+03
  0.40200000E+01 -0.12459341E+03
  0.40300000E+01 -0.12347481E+03
  0.40400000E+01 -0.12234541E+03
  0.40500000E+01 -0.12120653E+03
  0.40600000E+01 -0.12005941E+03
  0.40700000E+01 -0.11890523E+03
  0.40800000E+01 -0.11774510E+03
  0.40900000E+01 -0.11658010E+03
  0.41000000E+01 -0.11541122E+03
  0.41100000E+01 -0.11423942E+03
  0.41200000E+01 -0.11306559E+03
  0.41300000E+01 -0.11189058E+03
  0.41400000E+01 -0.11071520E+03
  0.41500000E+01 -0.10954021E+03
  0.41600000E+01 -0.10836633E+03
  0.41700000E+01 -0.10719423E+03
  0.41800000E+01 -0.10602456E+03
  0.41900000E+01 -0.10485790E+03
  0.42000000E+01 -0.10369482E+03
  0.42100000E+01 -0.10253587E+03
  0.42200000E+01 -0.10138153E+03
  0.42300000E+01 -0.10023227E+03
  0.42400000E+01 -0.99088527E+02
  0.42500000E+01 -0.97950719E+02
  0.42600000E+01 -0.96819224E+02
  0.42700000E+01 -0.95694401E+02
  0.42800000E+01 -0.94576582E+02
  0.42900000E+01 -0.93466079E+02
  0.43000000E+01 -0.92363177E+02
  0.43100000E+01 -0.91268144E+02
  0.43200000E+01 -0.90181228E+02
  0.43300000E+01 -0.89102654E+02
  0.43400000E+01 -0.88032632E+02
  0.43500000E+01 -0.86971354E+02
  0.43600000E+01 -0.85918995E+02
  0.43700000E+01 -0.84875715E+02
  0.43800000E+01 -0.83841659E+02
  0.43900000E+01 -0.82816956E+02
  0.44000000E+01 -0.81801724E+02
  0.44100000E+01 -0.80796067E+02
  0.44200000E+01 -0.79800077E+02
  0.44300000E+01 -0.78813834E+02
  0.44400000E+01 -0.77837409E+02
  0.44500000E+01 -0.76870859E+02
  0.44600000E+01 -0.75914235E+02
  0.44700000E+01 -0.74967576E+02
  0.44800000E+01 -0.74030914E+02
  0.44900000E+01 -0.73104271E+02
  0.45000000E+01 -0.72187662E+02
  0.45100000E+01 -0.71281095E+02
  0.45200000E+01 -0.70384570E+02
  0.45300000E+01 -0.69498082E+02
  0.45400000E+01 -0.68621617E+02
  0.45500000E+01 -0.67755157E+02
  0.45600000E+01 -0.66898678E+02
  0.45700000E+01 -0.66052152E+02
  0.45800000E+01 -0.65215544E+02
  0.45900000E+01 -0.64388816E+02
  0.46000000E+01 -0.63571924E+02
  0.46100000E+01 -0.62764821E+02
  0.46200000E+01 -0.61967457E+02
  0.46300000E+01 -0.61179777E+02
  0.46400000E+01 -0.60401724E+02
  0.46500000E+01 -0.59633237E+02
  0.46600000E+01 -0.58874252E+02
  0.46700000E+01 -0.58124703E+02
  0.46800000E+01 -0.57384521E+02
  0.46900000E+01 -0.56653636E+02
  0.47000000E+01 -0.55931974E+02
  0.47100000E+01 -0.55219459E+02
  0.47200000E+01 -0.54516016E+02
  0.47300000E+01 -0.53821566E+02
  0.47400000E+01 -0.53136029E+02
  0.47500000E+01 -0.52459323E+02
  0.47600000E+01 -0.51791367E+02
  0.47700000E+01 -0.51132077E+02
  0.47800000E+01 -0.50481368E+02
  0.47900000E+01 -0.49839155E+02
  0.48000000E+01 -0.49205353E+02
  0.48100000E+01 -0.48579873E+02
  0.48200000E+01 -0.47962630E+02
  0.48300000E+01 -0.47353535E+02
  0.48400000E+01 -0.46752501E+02
  0.48500000E+01 -0.46159438E+02
  0.48600000E+01 -0.45574260E+02
  0.48700000E+01 -0.44996876E+02
  0.48800000E+01 -0.44427198E+02
  0.48900000E+01 -0.43865137E+02
  0.49000000E+01 -0.43310605E+02
  0.49100000E+01 -0.42763513E+02
  0.49200000E+01 -0.42223773E+02
  0.49300000E+01 -0.41691297E+02
  0.49400000E+01 -0.41165995E+02
  0.49500000E+01 -0.40647782E+02
  0.49600000E+01 -0.40136570E+02
  0.49700000E+01 -0.39632271E+02
  0.49800000E+01 -0.39134800E+02
  0.49900000E+01 -0.38644071E+02
  0.50000000E+01 -0.38159997E+02
  0.50100000E+01 -0.37682494E+02
  0.50200000E+01 -0.37211479E+02
  0.50300000E+01 -0.36746866E+02
  0.50400000E+01 -0.36288572E+02
  0.50500000E+01 -0.35836516E+02
  0.50600000E+01 -0.35390616E+02
  0.50700000E+01 -0.34950789E+02
  0.50800000E+01 -0.34516955E+02
  0.50900000E+01 -0.34089036E+02
  0.51000000E+01 -0.33666951E+02
  0.51100000E+01 -0.33250621E+02
  0.51200000E+01 -0.32839971E+02
  0.51300000E+01 -0.32434922E+02
  0.51400000E+01 -0.32035398E+02
  0.51500000E+01 -0.31641324E+02
  0.51600000E+01 -0.31252625E+02
  0.51700000E+01 -0.30869229E+02
  0.51800000E+01 -0.30491060E+02
  0.51900000E+01 -0.30118048E+02
  0.52000000E+01 -0.29750121E+02
  0.52100000E+01 -0.29387208E+02
  0.52200000E+01 -0.29029239E+02
  0.52300000E+01 -0.28676146E+02
  0.52400000E+01 -0.28327860E+02
  0.52500000E+01 -0.27984314E+02
  0.52600000E+01 -0.27645440E+02
  0.52700000E+01 -0.27311175E+02
  0.52800000E+01 -0.26981451E+02
  0.52900000E+01 -0.26656206E+02
  0.53000000E+01 -0.26335375E+02
  0.53100000E+01 -0.26018897E+02
  0.53200000E+01 -0.25706708E+02
  0.53300000E+01 -0.25398750E+02
  0.53400000E+01 -0.25094960E+02
  0.53500000E+01 -0.24795280E+02
  0.53600000E+01 -0.24499651E+02
  0.53700000E+01 -0.24208015E+02
  0.53800000E+01 -0.23920315E+02
  0.53900000E+01 -0.23636494E+02
  0.54000000E+01 -0.23356498E+02
  0.54100000E+01 -0.23080271E+02
  0.54200000E+01 -0.22807758E+02
  0.54300000E+01 -0.22538908E+02
  0.54400000E+01 -0.22273666E+02
  0.54500000E+01 -0.22011982E+02
  0.54600000E+01 -0.21753803E+02
  0.54700000E+01 -0.21499080E+02
  0.54800000E+01 -0.21247763E+02
  0.54900000E+01 -0.20999802E+02
  0.55000000E+01 -0.20755149E+02
  0.55100000E+01 -0.20513757E+02
  0.55200000E+01 -0.20275579E+02
  0.55300000E+01 -0.20040567E+02
  0.55400000E+01 -0.19808677E+02
  0.55500000E+01 -0.19579863E+02
  0.55600000E+01 -0.19354082E+02
  0.55700000E+01 -0.19131288E+02
  0.55800000E+01 -0.18911440E+02
  0.55900000E+01 -0.18694495E+02
  0.56000000E+01 -0.18480410E+02
  0.56100000E+01 -0.18269145E+02
  0.56200000E+01 -0.18060659E+02
  0.56300000E+01 -0.17854912E+02
  0.56400000E+01 -0.17651864E+02
  0.56500000E+01 -0.17451476E+02
  0.56600000E+01 -0.17253711E+02
  0.56700000E+01 -0.17058530E+02
  0.56800000E+01 -0.16865897E+02
  0.56900000E+01 -0.16675774E+02
  0.57000000E+01 -0.16488126E+02
  0.57100000E+01 -0.16302916E+02
  0.57200000E+01 -0.16120111E+02
  0.57300000E+01 -0.15939675E+02
  0.57400000E+01 -0.15761574E+02
  0.57500000E+01 -0.15585776E+02
  0.57600000E+01 -0.15412246E+02
  0.57700000E+01 -0.15240953E+02
  0.57800000E+01 -0.15071864E+02
  0.57900000E+01 -0.14904949E+02
  0.58000000E+01 -0.14740175E+02
  0.58100000E+01 -0.14577513E+02
  0.58200000E+01 -0.14416931E+02
  0.58300000E+01 -0.14258402E+02
  0.58400000E+01 -0.14101895E+02
  0.58500000E+01 -0.13947381E+02
  0.58600000E+01 -0.13794832E+02
  0.58700000E+01 -0.13644221E+02
  0.58800000E+01 -0.13495520E+02
  0.58900000E+01 -0.13348701E+02
  0.59000000E+01 -0.13203739E+02
  0.59100000E+01 -0.13060606E+02
  0.59200000E+01 -0.12919277E+02
  0.59300000E+01 -0.12779726E+02
  0.59400000E+01 -0.12641929E+02
  0.59500000E+01 -0.12505861E+02
  0.59600000E+01 -0.12371496E+02
  0.59700000E+01 -0.12238812E+02
  0.59800000E+01 -0.12107785E+02
  0.59900000E+01 -0.11978391E+02
  0.60000000E+01 -0.11850608E+02
  0.60100000E+01 -0.11724413E+02
  0.60200000E+01 -0.11599783E+02
  0.60300000E+01 -0.11476697E+02
  0.60400000E+01 -0.11355134E+02
  0.60500000E+01 -0.11235072E+02
  0.60600000E+01 -0.11116489E+02
  0.60700000E+01 -0.10999367E+02
  0.60800000E+01 -0.10883684E+02
  0.60900000E+01 -0.10769420E+02
  0.61000000E+01 -0.10656556E+02
  0.61100000E+01 -0.10545072E+02
  0.61200000E+01 -0.10434950E+02
  0.61300000E+01 -0.10326170E+02
  0.61400000E+01 -0.10218713E+02
  0.61500000E+01 -0.10112563E+02
  0.61600000E+01 -0.10007700E+02
  0.61700000E+01 -0.99041076E+01
  0.61800000E+01 -0.98017676E+01
  0.61900000E+01 -0.97006630E+01
  0.62000000E+01 -0.96007770E+01
  0.62100000E+01 -0.95020928E+01
  0.62200000E+01 -0.94045942E+01
  0.62300000E+01 -0.93082650E+01
  0.62400000E+01 -0.92130891E+01
  0.62500000E+01 -0.91190510E+01
  0.62600000E+01 -0.90261353E+01
  0.62700000E+01 -0.89343266E+01
  0.62800000E+01 -0.88436101E+01
  0.62900000E+01 -0.87539709E+01
  0.63000000E+01 -0.86653945E+01
  0.63100000E+01 -0.85778666E+01
  0.63200000E+01 -0.84913731E+01
  0.63300000E+01 -0.84059001E+01
  0.63400000E+01 -0.83214338E+01
  0.63500000E+01 -0.82379608E+01
  0.63600000E+01 -0.81554678E+01
  0.63700000E+01 -0.80739416E+01
  0.63800000E+01 -0.79933695E+01
  0.63900000E+01 -0.79137386E+01
  0.64000000E+01 -0.78350364E+01
  0.64100000E+01 -0.77572507E+01
  0.64200000E+01 -0.76803691E+01
  0.64300000E+01 -0.76043799E+01
  0.64400000E+01 -0.75292711E+01
  0.64500000E+01 -0.74550311E+01
  0.64600000E+01 -0.73816484E+01
  0.64700000E+01 -0.73091118E+01
  0.64800000E+01 -0.72374102E+01
  0.64900000E+01 -0.71665325E+01
  0.65000000E+01 -0.70964680E+01
  0.65100000E+01 -0.70272060E+01
  0.65200000E+01 -0.69587360E+01
  0.65300000E+01 -0.68910477E+01
  0.65400000E+01 -0.68241308E+01
  0.65500000E+01 -0.67579754E+01
  0.65600000E+01 -0.66925716E+01
  0.65700000E+01 -0.66279096E+01
  0.65800000E+01 -0.65639797E+01
  0.65900000E+01 -0.65007725E+01
  0.66000000E+01 -0.64382787E+01
  0.66100000E+01 -0.63764891E+01
  0.66200000E+01 -0.63153945E+01
  0.66300000E+01 -0.62549862E+01
  0.66400000E+01 -0.61952551E+01
  0.66500000E+01 -0.61361927E+01
  0.66600000E+01 -0.60777904E+01
  0.66700000E+01 -0.60200398E+01
  0.66800000E+01 -0.59629325E+01
  0.66900000E+01 -0.59064603E+01
  0.67000000E+01 -0.58506152E+01
  0.67100000E+01 -0.57953892E+01
  0.67200000E+01 -0.57407744E+01
  0.67300000E+01 -0.56867631E+01
  0.67400000E+01 -0.56333476E+01
  0.67500000E+01 -0.55805205E+01
  0.67600000E+01 -0.55282743E+01
  0.67700000E+01 -0.54766017E+01
  0.67800000E+01 -0.54254955E+01
  0.67900000E+01 -0.53749486E+01
  0.68000000E+01 -0.53249539E+01
  0.68100000E+01 -0.52755046E+01
  0.68200000E+01 -0.52265938E+01
  0.68300000E+01 -0.51782149E+01
  0.68400000E+01 -0.51303611E+01
  0.68500000E+01 -0.50830260E+01
  0.68600000E+01 -0.50362032E+01
  0.68700000E+01 -0.49898862E+01
  0.68800000E+01 -0.49440688E+01
  0.68900000E+01 -0.48987449E+01
  0.69000000E+01 -0.48539083E+01
  0.69100000E+01 -0.48095530E+01
  0.69200000E+01 -0.47656732E+01
  0.69300000E+01 -0.47222629E+01
  0.69400000E+01 -0.46793165E+01
  0.69500000E+01 -0.46368282E+01
  0.69600000E+01 -0.45947924E+01
  0.69700000E+01 -0.45532036E+01
  0.69800000E+01 -0.45120563E+01
  0.69900000E+01 -0.44713453E+01
  0.70000000E+01 -0.44310651E+01
  0.70100000E+01 -0.43912106E+01
  0.70200000E+01 -0.43517765E+01
  0.70300000E+01 -0.43127579E+01
  0.70400000E+01 -0.42741496E+01
  0.70500000E+01 -0.42359468E+01
  0.70600000E+01 -0.41981445E+01
  0.70700000E+01 -0.41607379E+01
  0.70800000E+01 -0.41237223E+01
  0.70900000E+01 -0.40870930E+01
  0.71000000E+01 -0.40508454E+01
  0.71100000E+01 -0.40149749E+01
  0.71200000E+01 -0.39794770E+01
  0.71300000E+01 -0.39443472E+01
  0.71400000E+01 -0.39095812E+01
  0.71500000E+01 -0.38751747E+01
  0.71600000E+01 -0.38411234E+01
  0.71700000E+01 -0.38074230E+01
  0.71800000E+01 -0.37740695E+01
  0.71900000E+01 -0.37410588E+01
  0.72000000E+01 -0.37083867E+01
  0.72100000E+01 -0.36760493E+01
  0.72200000E+01 -0.36440428E+01
  0.72300000E+01 -0.36123631E+01
  0.72400000E+01 -0.35810064E+01
  0.72500000E+01 -0.35499691E+01
  0.72600000E+01 -0.35192473E+01
  0.72700000E+01 -0.34888374E+01
  0.72800000E+01 -0.34587356E+01
  0.72900000E+01 -0.34289386E+01
  0.73000000E+01 -0.33994426E+01
  0.73100000E+01 -0.33702443E+01
  0.73200000E+01 -0.33413402E+01
  0.73300000E+01 -0.33127268E+01
  0.73400000E+01 -0.32844008E+01
  0.73500000E+01 -0.32563589E+01
  0.73600000E+01 -0.32285978E+01
  0.73700000E+01 -0.32011144E+01
  0.73800000E+01 -0.31739053E+01
  0.73900000E+01 -0.31469675E+01
  0.74000000E+01 -0.31202979E+01
  0.74100000E+01 -0.30938934E+01
  0.74200000E+01 -0.30677509E+01
  0.74300000E+01 -0.30418675E+01
  0.74400000E+01 -0.30162403E+01
  0.74500000E+01 -0.29908663E+01
  0.74600000E+01 -0.29657426E+01
  0.74700000E+01 -0.29408665E+01
  0.74800000E+01 -0.29162351E+01
  0.74900000E+01 -0.28918456E+01
  0.75000000E+01 -0.28676954E+01
  0.75100000E+01 -0.28437817E+01
  0.75200000E+01 -0.28201019E+01
  0.75300000E+01 -0.27966533E+01
  0.75400000E+01 -0.27734334E+01
  0.75500000E+01 -0.27504396E+01
  0.75600000E+01 -0.27276694E+01
  0.75700000E+01 -0.27051202E+01
  0.75800000E+01 -0.26827896E+01
  0.75900000E+01 -0.26606752E+01
  0.76000000E+01 -0.26387746E+01
  0.76100000E+01 -0.26170854E+01
  0.76200000E+01 -0.25956052E+01
  0.76300000E+01 -0.25743318E+01
  0.76400000E+01 -0.25532629E+01
  0.76500000E+01 -0.25323961E+01
  0.76600000E+01 -0.25117293E+01
  0.76700000E+01 -0.24912603E+01
  0.76800000E+01 -0.24709869E+01
  0.76900000E+01 -0.24509070E+01
  0.77000000E+01 -0.24310184E+01
  0.77100000E+01 -0.24113190E+01
  0.77200000E+01 -0.23918068E+01
  0.77300000E+01 -0.23724798E+01
  0.77400000E+01 -0.23533358E+01
  0.77500000E+01 -0.23343730E+01
  0.77600000E+01 -0.23155894E+01
  0.77700000E+01 -0.22969830E+01
  0.77800000E+01 -0.22785518E+01
  0.77900000E+01 -0.22602941E+01
  0.78000000E+01 -0.22422079E+01
  0.78100000E+01 -0.22242913E+01
  0.78200000E+01 -0.22065426E+01
  0.78300000E+01 -0.21889600E+01
  0.78400000E+01 -0.21715416E+01
  0.78500000E+01 -0.21542857E+01
  0.78600000E+01 -0.21371906E+01
  0.78700000E+01 -0.21202545E+01
  0.78800000E+01 -0.21034758E+01
  0.78900000E+01 -0.20868527E+01
  0.79000000E+01 -0.20703836E+01
  0.79100000E+01 -0.20540669E+01
  0.79200000E+01 -0.20379010E+01
  0.79300000E+01 -0.20218841E+01
  0.79400000E+01 -0.20060149E+01
  0.79500000E+01 -0.19902917E+01
  0.79600000E+01 -0.19747129E+01
  0.79700000E+01 -0.19592771E+01
  0.79800000E+01 -0.19439827E+01
  0.79900000E+01 -0.19288282E+01
  0.80000000E+01 -0.19138123E+01
  0.80100000E+01 -0.18989333E+01
  0.80200000E+01 -0.18841900E+01
  0.80300000E+01 -0.18695808E+01
  0.80400000E+01 -0.18551044E+01
  0.80500000E+01 -0.18407594E+01
  0.80600000E+01 -0.18265444E+01
  0.80700000E+01 -0.18124581E+01
  0.80800000E+01 -0.17984991E+01
  0.80900000E+01 -0.17846661E+01
  0.81000000E+01 -0.17709578E+01
  0.81100000E+01 -0.17573729E+01
  0.81200000E+01 -0.17439101E+01
  0.81300000E+01 -0.17305683E+01
  0.81400000E+01 -0.17173460E+01
  0.81500000E+01 -0.17042422E+01
  0.81600000E+01 -0.16912555E+01
  0.81700000E+01 -0.16783848E+01
  0.81800000E+01 -0.16656289E+01
  0.81900000E+01 -0.16529866E+01
  0.82000000E+01 -0.16404568E+01
  0.82100000E+01 -0.16280383E+01
  0.82200000E+01 -0.16157299E+01
  0.82300000E+01 -0.16035306E+01
  0.82400000E+01 -0.15914392E+01
  0.82500000E+01 -0.15794547E+01
  0.82600000E+01 -0.15675759E+01
  0.82700000E+01 -0.15558018E+01
  0.82800000E+01 -0.15441314E+01
  0.82900000E+01 -0.15325635E+01
  0.83000000E+01 -0.15210972E+01
  0.83100000E+01 -0.15097314E+01
  0.83200000E+01 -0.14984651E+01
  0.83300000E+01 -0.14872973E+01
  0.83400000E+01 -0.14762271E+01
  0.83500000E+01 -0.14652534E+01
  0.83600000E+01 -0.14543752E+01
  0.83700000E+01 -0.14435918E+01
  0.83800000E+01 -0.14329019E+01
  0.83900000E+01 -0.14223049E+01
  0.84000000E+01 -0.14117996E+01
  0.84100000E+01 -0.14013853E+01
  0.84200000E+01 -0.13910610E+01
  0.84300000E+01 -0.13808257E+01
  0.84400000E+01 -0.13706788E+01
  0.84500000E+01 -0.13606191E+01
  0.84600000E+01 -0.13506460E+01
  0.84700000E+01 -0.13407585E+01
  0.84800000E+01 -0.13309558E+01
  0.84900000E+01 -0.13212371E+01
  0.85000000E+01 -0.13116015E+01
  0.85100000E+01 -0.13020483E+01
  0.85200000E+01 -0.12925765E+01
  0.85300000E+01 -0.12831855E+01
  0.85400000E+01 -0.12738744E+01
  0.85500000E+01 -0.12646425E+01
  0.85600000E+01 -0.12554889E+01
  0.85700000E+01 -0.12464129E+01
  0.85800000E+01 -0.12374138E+01
  0.85900000E+01 -0.12284908E+01
  0.86000000E+01 -0.12196432E+01
  0.86100000E+01 -0.12108702E+01
  0.86200000E+01 -0.12021712E+01
  0.86300000E+01 -0.11935453E+01
  0.86400000E+01 -0.11849919E+01
  0.86500000E+01 -0.11765104E+01
  0.86600000E+01 -0.11680999E+01
  0.86700000E+01 -0.11597599E+01
  0.86800000E+01 -0.11514896E+01
  0.86900000E+01 -0.11432884E+01
  0.87000000E+01 -0.11351556E+01
  0.87100000E+01 -0.11270906E+01
  0.87200000E+01 -0.11190926E+01
  0.87300000E+01 -0.11111612E+01
  0.87400000E+01 -0.11032956E+01
  0.87500000E+01 -0.10954952E+01
  0.87600000E+01 -0.10877594E+01
  0.87700000E+01 -0.10800875E+01
  0.87800000E+01 -0.10724791E+01
  0.87900000E+01 -0.10649334E+01
  0.88000000E+01 -0.10574499E+01
  0.88100000E+01 -0.10500279E+01
  0.88200000E+01 -0.10426670E+01
  0.88300000E+01 -0.10353665E+01
  0.88400000E+01 -0.10281259E+01
  0.88500000E+01 -0.10209446E+01
  0.88600000E+01 -0.10138220E+01
  0.88700000E+01 -0.10067576E+01
  0.88800000E+01 -0.99975082E+00
  0.88900000E+01 -0.99280118E+00
  0.89000000E+01 -0.98590810E+00
  0.89100000E+01 -0.97907107E+00
  0.89200000E+01 -0.97228957E+00
  0.89300000E+01 -0.96556306E+00
  0.89400000E+01 -0.95889105E+00
  0.89500000E+01 -0.95227302E+00
  0.89600000E+01 -0.94570848E+00
  0.89700000E+01 -0.93919693E+00
  0.89800000E+01 -0.93273787E+00
  0.89900000E+01 -0.92633083E+00
  0.90000000E+01 -0.91997532E+00
  0.90100000E+01 -0.91367087E+00
  0.90200000E+01 -0.90741700E+00
  0.90300000E+01 -0.90121326E+00
  0.90400000E+01 -0.89505917E+00
  0.90500000E+01 -0.88895429E+00
  0.90600000E+01 -0.88289817E+00
  0.90700000E+01 -0.87689035E+00
  0.90800000E+01 -0.87093039E+00
  0.90900000E+01 -0.86501786E+00
  0.91000000E+01 -0.85915233E+00
  0.91100000E+01 -0.85333336E+00
  0.91200000E+01 -0.84756054E+00
  0.91300000E+01 -0.84183343E+00
  0.91400000E+01 -0.83615164E+00
  0.91500000E+01 -0.83051474E+00
  0.91600000E+01 -0.82492233E+00
  0.91700000E+01 -0.81937401E+00
  0.91800000E+01 -0.81386937E+00
  0.91900000E+01 -0.80840803E+00
  0.92000000E+01 -0.80298959E+00
  0.92100000E+01 -0.79761367E+00
  0.92200000E+01 -0.79227988E+00
  0.92300000E+01 -0.78698785E+00
  0.92400000E+01 -0.78173720E+00
  0.92500000E+01 -0.77652756E+00
  0.92600000E+01 -0.77135856E+00
  0.92700000E+01 -0.76622983E+00
  0.92800000E+01 -0.76114103E+00
  0.92900000E+01 -0.75609179E+00
  0.93000000E+01 -0.75108176E+00
  0.93100000E+01 -0.74611059E+00
  0.93200000E+01 -0.74117793E+00
  0.93300000E+01 -0.73628345E+00
  0.93400000E+01 -0.73142680E+00
  0.93500000E+01 -0.72660765E+00
  0.93600000E+01 -0.72182567E+00
  0.93700000E+01 -0.71708052E+00
  0.93800000E+01 -0.71237189E+00
  0.93900000E+01 -0.70769944E+00
  0.94000000E+01 -0.70306287E+00
  0.94100000E+01 -0.69846186E+00
  0.94200000E+01 -0.69389608E+00
  0.94300000E+01 -0.68936524E+00
  0.94400000E+01 -0.68486903E+00
  0.94500000E+01 -0.68040714E+00
  0.94600000E+01 -0.67597928E+00
  0.94700000E+01 -0.67158514E+00
  0.94800000E+01 -0.66722443E+00
  0.94900000E+01 -0.66289687E+00
  0.95000000E+01 -0.65860215E+00
  0.95100000E+01 -0.65434000E+00
  0.95200000E+01 -0.65011013E+00
  0.95300000E+01 -0.64591226E+00
  0.95400000E+01 -0.64174611E+00
  0.95500000E+01 -0.63761142E+00
  0.95600000E+01 -0.63350790E+00
  0.95700000E+01 -0.62943529E+00
  0.95800000E+01 -0.62539332E+00
  0.95900000E+01 -0.62138173E+00
  0.96000000E+01 -0.61740025E+00
  0.96100000E+01 -0.61344862E+00
  0.96200000E+01 -0.60952660E+00
  0.96300000E+01 -0.60563392E+00
  0.96400000E+01 -0.60177033E+00
  0.96500000E+01 -0.59793559E+00
  0.96600000E+01 -0.59412944E+00
  0.96700000E+01 -0.59035165E+00
  0.96800000E+01 -0.58660196E+00
  0.96900000E+01 -0.58288015E+00
  0.97000000E+01 -0.57918597E+00
  0.97100000E+01 -0.57551918E+00
  0.97200000E+01 -0.57187957E+00
  0.97300000E+01 -0.56826688E+00
  0.97400000E+01 -0.56468091E+00
  0.97500000E+01 -0.56112141E+00
  0.97600000E+01 -0.55758816E+00
  0.97700000E+01 -0.55408095E+00
  0.97800000E+01 -0.55059956E+00
  0.97900000E+01 -0.54714376E+00
  0.98000000E+01 -0.54371334E+00
  0.98100000E+01 -0.54030808E+00
  0.98200000E+01 -0.53692778E+00
  0.98300000E+01 -0.53357223E+00
  0.98400000E+01 -0.53024121E+00
  0.98500000E+01 -0.52693453E+00
  0.98600000E+01 -0.52365197E+00
  0.98700000E+01 -0.52039334E+00
  0.98800000E+01 -0.51715843E+00
  0.98900000E+01 -0.51394706E+00
  0.99000000E+01 -0.51075901E+00
  0.99100000E+01 -0.50759411E+00
  0.99200000E+01 -0.50445215E+00
  0.99300000E+01 -0.50133294E+00
  0.99400000E+01 -0.49823630E+00
  0.99500000E+01 -0.49516204E+00
  0.99600000E+01 -0.49210997E+00
  0.99700000E+01 -0.48907991E+00
  0.99800000E+01 -0.48607168E+00
  0.99900000E+01 -0.48308510E+00
  0.10000000E+02 -0.48011999E+00
  0.10010000E+02 -0.47717617E+00
  0.10020000E+02 -0.47425346E+00
  0.10030000E+02 -0.47135170E+00
  0.10040000E+02 -0.46847071E+00
  0.10050000E+02 -0.46561033E+00
  0.10060000E+02 -0.46277037E+00
  0.10070000E+02 -0.45995068E+00
  0.10080000E+02 -0.45715109E+00
  0.10090000E+02 -0.45437143E+00
  0.10100000E+02 -0.45161155E+00
  0.10110000E+02 -0.44887128E+00
  0.10120000E+02 -0.44615045E+00
  0.10130000E+02 -0.44344893E+00
  0.10140000E+02 -0.44076653E+00
  0.10150000E+02 -0.43810312E+00
  0.10160000E+02 -0.43545854E+00
  0.10170000E+02 -0.43283263E+00
  0.10180000E+02 -0.43022525E+00
  0.10190000E+02 -0.42763624E+00
  0.10200000E+02 -0.42506545E+00
  0.10210000E+02 -0.42251274E+00
  0.10220000E+02 -0.41997797E+00
  0.10230000E+02 -0.41746098E+00
  0.10240000E+02 -0.41496164E+00
  0.10250000E+02 -0.41247981E+00
  0.10260000E+02 -0.41001533E+00
  0.10270000E+02 -0.40756808E+00
  0.10280000E+02 -0.40513792E+00
  0.10290000E+02 -0.40272471E+00
  0.10300000E+02 -0.40032830E+00
  0.10310000E+02 -0.39794858E+00
  0.10320000E+02 -0.39558541E+00
  0.10330000E+02 -0.39323865E+00
  0.10340000E+02 -0.39090817E+00
  0.10350000E+02 -0.38859385E+00
  0.10360000E+02 -0.38629556E+00
  0.10370000E+02 -0.38401316E+00
  0.10380000E+02 -0.38174654E+00
  0.10390000E+02 -0.37949557E+00
  0.10400000E+02 -0.37726012E+00
  0.10410000E+02 -0.37504007E+00
  0.10420000E+02 -0.37283530E+00
  0.10430000E+02 -0.37064570E+00
  0.10440000E+02 -0.36847113E+00
  0.10450000E+02 -0.36631148E+00
  0.10460000E+02 -0.36416664E+00
  0.10470000E+02 -0.36203649E+00
  0.10480000E+02 -0.35992091E+00
  0.10490000E+02 -0.35781979E+00
  0.10500000E+02 -0.35573302E+00
  0.10510000E+02 -0.35366047E+00
  0.10520000E+02 -0.35160206E+00
  0.10530000E+02 -0.34955765E+00
  0.10540000E+02 -0.34752714E+00
  0.10550000E+02 -0.34551043E+00
  0.10560000E+02 -0.34350741E+00
  0.10570000E+02 -0.34151797E+00
  0.10580000E+02 -0.33954200E+00
  0.10590000E+02 -0.33757940E+00
  0.10600000E+02 -0.33563007E+00
  0.10610000E+02 -0.33369390E+00
  0.10620000E+02 -0.33177080E+00
  0.10630000E+02 -0.32986066E+00
  0.10640000E+02 -0.32796338E+00
  0.10650000E+02 -0.32607886E+00
  0.10660000E+02 -0.32420700E+00
  0.10670000E+02 -0.32234771E+00
  0.10680000E+02 -0.32050089E+00
  0.10690000E+02 -0.31866644E+00
  0.10700000E+02 -0.31684428E+00
  0.10710000E+02 -0.31503429E+00
  0.10720000E+02 -0.31323640E+00
  0.10730000E+02 -0.31145051E+00
  0.10740000E+02 -0.30967652E+00
  0.10750000E+02 -0.30791435E+00
  0.10760000E+02 -0.30616391E+00
  0.10770000E+02 -0.30442510E+00
  0.10780000E+02 -0.30269784E+00
  0.10790000E+02 -0.30098204E+00
  0.10800000E+02 -0.29927762E+00
  0.10810000E+02 -0.29758448E+00
  0.10820000E+02 -0.29590254E+00
  0.10830000E+02 -0.29423171E+00
  0.10840000E+02 -0.29257192E+00
  0.10850000E+02 -0.29092308E+00
  0.10860000E+02 -0.28928510E+00
  0.10870000E+02 -0.28765791E+00
  0.10880000E+02 -0.28604142E+00
  0.10890000E+02 -0.28443555E+00
  0.10900000E+02 -0.28284023E+00
  0.10910000E+02 -0.28125536E+00
  0.10920000E+02 -0.27968088E+00
  0.10930000E+02 -0.27811671E+00
  0.10940000E+02 -0.27656276E+00
  0.10950000E+02 -0.27501897E+00
  0.10960000E+02 -0.27348525E+00
  0.10970000E+02 -0.27196154E+00
  0.10980000E+02 -0.27044775E+00
  0.10990000E+02 -0.26894381E+00
  0.11000000E+02 -0.26744965E+00
  0.11010000E+02 -0.26596520E+00
  0.11020000E+02 -0.26449038E+00
  0.11030000E+02 -0.26302512E+00
  0.11040000E+02 -0.26156935E+00
  0.11050000E+02 -0.26012301E+00
  0.11060000E+02 -0.25868601E+00
  0.11070000E+02 -0.25725830E+00
  0.11080000E+02 -0.25583980E+00
  0.11090000E+02 -0.25443044E+00
  0.11100000E+02 -0.25303016E+00
  0.11110000E+02 -0.25163889E+00
  0.11120000E+02 -0.25025657E+00
  0.11130000E+02 -0.24888312E+00
  0.11140000E+02 -0.24751849E+00
  0.11150000E+02 -0.24616260E+00
  0.11160000E+02 -0.24481540E+00
  0.11170000E+02 -0.24347682E+00
  0.11180000E+02 -0.24214679E+00
  0.11190000E+02 -0.24082526E+00
  0.11200000E+02 -0.23951216E+00
  0.11210000E+02 -0.23820743E+00
  0.11220000E+02 -0.23691101E+00
  0.11230000E+02 -0.23562284E+00
  0.11240000E+02 -0.23434286E+00
  0.11250000E+02 -0.23307101E+00
  0.11260000E+02 -0.23180722E+00
  0.11270000E+02 -0.23055145E+00
  0.11280000E+02 -0.22930363E+00
  0.11290000E+02 -0.22806371E+00
  0.11300000E+02 -0.22683163E+00
  0.11310000E+02 -0.22560732E+00
  0.11320000E+02 -0.22439074E+00
  0.11330000E+02 -0.22318183E+00
  0.11340000E+02 -0.22198054E+00
  0.11350000E+02 -0.22078680E+00
  0.11360000E+02 -0.21960057E+00
  0.11370000E+02 -0.21842179E+00
  0.11380000E+02 -0.21725041E+00
  0.11390000E+02 -0.21608637E+00
  0.11400000E+02 -0.21492962E+00
  0.11410000E+02 -0.21378011E+00
  0.11420000E+02 -0.21263779E+00
  0.11430000E+02 -0.21150260E+00
  0.11440000E+02 -0.21037450E+00
  0.11450000E+02 -0.20925343E+00
  0.11460000E+02 -0.20813934E+00
  0.11470000E+02 -0.20703219E+00
  0.11480000E+02 -0.20593192E+00
  0.11490000E+02 -0.20483849E+00
  0.11500000E+02 -0.20375184E+00
  0.11510000E+02 -0.20267194E+00
  0.11520000E+02 -0.20159872E+00
  0.11530000E+02 -0.20053215E+00
  0.11540000E+02 -0.19947217E+00
  0.11550000E+02 -0.19841874E+00
  0.11560000E+02 -0.19737182E+00
  0.11570000E+02 -0.19633135E+00
  0.11580000E+02 -0.19529729E+00
  0.11590000E+02 -0.19426960E+00
  0.11600000E+02 -0.19324823E+00
  0.11610000E+02 -0.19223314E+00
  0.11620000E+02 -0.19122428E+00
  0.11630000E+02 -0.19022161E+00
  0.11640000E+02 -0.18922508E+00
  0.11650000E+02 -0.18823466E+00
  0.11660000E+02 -0.18725030E+00
  0.11670000E+02 -0.18627195E+00
  0.11680000E+02 -0.18529958E+00
  0.11690000E+02 -0.18433314E+00
  0.11700000E+02 -0.18337259E+00
  0.11710000E+02 -0.18241789E+00
  0.11720000E+02 -0.18146901E+00
  0.11730000E+02 -0.18052589E+00
  0.11740000E+02 -0.17958850E+00
  0.11750000E+02 -0.17865680E+00
  0.11760000E+02 -0.17773075E+00
  0.11770000E+02 -0.17681031E+00
  0.11780000E+02 -0.17589544E+00
  0.11790000E+02 -0.17498611E+00
  0.11800000E+02 -0.17408227E+00
  0.11810000E+02 -0.17318388E+00
  0.11820000E+02 -0.17229092E+00
  0.11830000E+02 -0.17140333E+00
  0.11840000E+02 -0.17052109E+00
  0.11850000E+02 -0.16964416E+00
  0.11860000E+02 -0.16877250E+00
  0.11870000E+02 -0.16790607E+00
  0.11880000E+02 -0.16704485E+00
  0.11890000E+02 -0.16618878E+00
  0.11900000E+02 -0.16533784E+00
  0.11910000E+02 -0.16449200E+00
  0.11920000E+02 -0.16365121E+00
  0.11930000E+02 -0.16281545E+00
  0.11940000E+02 -0.16198467E+00
  0.11950000E+02 -0.16115885E+00
  0.11960000E+02 -0.16033795E+00
  0.11970000E+02 -0.15952193E+00
  0.11980000E+02 -0.15871077E+00
  0.11990000E+02 -0.15790443E+00
  0.12000000E+02 -0.15710288E+00
  0.12010000E+02 -0.15630608E+00
  0.12020000E+02 -0.15551401E+00
  0.12030000E+02 -0.15472663E+00
  0.12040000E+02 -0.15394390E+00
  0.12050000E+02 -0.15316580E+00
  0.12060000E+02 -0.15239230E+00
  0.12070000E+02 -0.15162337E+00
  0.12080000E+02 -0.15085897E+00
  0.12090000E+02 -0.15009907E+00
  0.12100000E+02 -0.14934365E+00
  0.12110000E+02 -0.14859267E+00
  0.12120000E+02 -0.14784610E+00
  0.12130000E+02 -0.14710392E+00
  0.12140000E+02 -0.14636609E+00
  0.12150000E+02 -0.14563258E+00
  0.12160000E+02 -0.14490337E+00
  0.12170000E+02 -0.14417843E+00
  0.12180000E+02 -0.14345773E+00
  0.12190000E+02 -0.14274123E+00
  0.12200000E+02 -0.14202892E+00
  0.12210000E+02 -0.14132076E+00
  0.12220000E+02 -0.14061673E+00
  0.12230000E+02 -0.13991680E+00
  0.12240000E+02 -0.13922094E+00
  0.12250000E+02 -0.13852912E+00
  0.12260000E+02 -0.13784132E+00
  0.12270000E+02 -0.13715751E+00
  0.12280000E+02 -0.13647767E+00
  0.12290000E+02 -0.13580176E+00
  0.12300000E+02 -0.13512976E+00
  0.12310000E+02 -0.13446165E+00
  0.12320000E+02 -0.13379741E+00
  0.12330000E+02 -0.13313699E+00
  0.12340000E+02 -0.13248039E+00
  0.12350000E+02 -0.13182756E+00
  0.12360000E+02 -0.13117850E+00
  0.12370000E+02 -0.13053317E+00
  0.12380000E+02 -0.12989156E+00
  0.12390000E+02 -0.12925362E+00
  0.12400000E+02 -0.12861935E+00
  0.12410000E+02 -0.12798872E+00
  0.12420000E+02 -0.12736169E+00
  0.12430000E+02 -0.12673826E+00
  0.12440000E+02 -0.12611840E+00
  0.12450000E+02 -0.12550207E+00
  0.12460000E+02 -0.12488927E+00
  0.12470000E+02 -0.12427996E+00
  0.12480000E+02 -0.12367413E+00
  0.12490000E+02 -0.12307174E+00
  0.12500000E+02 -0.12247279E+00
  0.12510000E+02 -0.12187724E+00
  0.12520000E+02 -0.12128508E+00
  0.12530000E+02 -0.12069627E+00
  0.12540000E+02 -0.12011081E+00
  0.12550000E+02 -0.11952867E+00
  0.12560000E+02 -0.11894982E+00
  0.12570000E+02 -0.11837425E+00
  0.12580000E+02 -0.11780193E+00
  0.12590000E+02 -0.11723285E+00
  0.12600000E+02 -0.11666697E+00
  0.12610000E+02 -0.11610429E+00
  0.12620000E+02 -0.11554478E+00
  0.12630000E+02 -0.11498842E+00
  0.12640000E+02 -0.11443519E+00
  0.12650000E+02 -0.11388508E+00
  0.12660000E+02 -0.11333805E+00
  0.12670000E+02 -0.11279409E+00
  0.12680000E+02 -0.11225318E+00
  0.12690000E+02 -0.11171530E+00
  0.12700000E+02 -0.11118043E+00
  0.12710000E+02 -0.11064856E+00
  0.12720000E+02 -0.11011966E+00
  0.12730000E+02 -0.10959371E+00
  0.12740000E+02 -0.10907070E+00
  0.12750000E+02 -0.10855060E+00
  0.12760000E+02 -0.10803341E+00
  0.12770000E+02 -0.10751909E+00
  0.12780000E+02 -0.10700763E+00
  0.12790000E+02 -0.10649901E+00
  0.12800000E+02 -0.10599322E+00
  0.12810000E+02 -0.10549024E+00
  0.12820000E+02 -0.10499004E+00
  0.12830000E+02 -0.10449262E+00
  0.12840000E+02 -0.10399795E+00
  0.12850000E+02 -0.10350601E+00
  0.12860000E+02 -0.10301679E+00
  0.12870000E+02 -0.10253028E+00
  0.12880000E+02 -0.10204645E+00
  0.12890000E+02 -0.10156529E+00
  0.12900000E+02 -0.10108677E+00
  0.12910000E+02 -0.10061090E+00
  0.12920000E+02 -0.10013764E+00
  0.12930000E+02 -0.99666975E-01
  0.12940000E+02 -0.99198900E-01
  0.12950000E+02 -0.98733393E-01
  0.12960000E+02 -0.98270438E-01
  0.12970000E+02 -0.97810020E-01
  0.12980000E+02 -0.97352121E-01
  0.12990000E+02 -0.96896727E-01
  0.13000000E+02 -0.96443822E-01
  0.13010000E+02 -0.95993390E-01
  0.13020000E+02 -0.95545416E-01
  0.13030000E+02 -0.95099884E-01
  0.13040000E+02 -0.94656780E-01
  0.13050000E+02 -0.94216087E-01
  0.13060000E+02 -0.93777792E-01
  0.13070000E+02 -0.93341878E-01
  0.13080000E+02 -0.92908332E-01
  0.13090000E+02 -0.92477139E-01
  0.13100000E+02 -0.92048283E-01
  0.13110000E+02 -0.91621751E-01
  0.13120000E+02 -0.91197528E-01
  0.13130000E+02 -0.90775600E-01
  0.13140000E+02 -0.90355952E-01
  0.13150000E+02 -0.89938570E-01
  0.13160000E+02 -0.89523441E-01
  0.13170000E+02 -0.89110551E-01
  0.13180000E+02 -0.88699885E-01
  0.13190000E+02 -0.88291430E-01
  0.13200000E+02 -0.87885173E-01
  0.13210000E+02 -0.87481099E-01
  0.13220000E+02 -0.87079196E-01
  0.13230000E+02 -0.86679449E-01
  0.13240000E+02 -0.86281847E-01
  0.13250000E+02 -0.85886375E-01
  0.13260000E+02 -0.85493021E-01
  0.13270000E+02 -0.85101771E-01
  0.13280000E+02 -0.84712613E-01
  0.13290000E+02 -0.84325534E-01
  0.13300000E+02 -0.83940521E-01
  0.13310000E+02 -0.83557562E-01
  0.13320000E+02 -0.83176644E-01
  0.13330000E+02 -0.82797754E-01
  0.13340000E+02 -0.82420881E-01
  0.13350000E+02 -0.82046012E-01
  0.13360000E+02 -0.81673134E-01
  0.13370000E+02 -0.81302236E-01
  0.13380000E+02 -0.80933306E-01
  0.13390000E+02 -0.80566331E-01
  0.13400000E+02 -0.80201300E-01
  0.13410000E+02 -0.79838201E-01
  0.13420000E+02 -0.79477023E-01
  0.13430000E+02 -0.79117753E-01
  0.13440000E+02 -0.78760380E-01
  0.13450000E+02 -0.78404893E-01
  0.13460000E+02 -0.78051281E-01
  0.13470000E+02 -0.77699531E-01
  0.13480000E+02 -0.77349633E-01
  0.13490000E+02 -0.77001576E-01
  0.13500000E+02 -0.76655348E-01
  0.13510000E+02 -0.76310939E-01
  0.13520000E+02 -0.75968338E-01
  0.13530000E+02 -0.75627533E-01
  0.13540000E+02 -0.75288514E-01
  0.13550000E+02 -0.74951271E-01
  0.13560000E+02 -0.74615792E-01
  0.13570000E+02 -0.74282067E-01
  0.13580000E+02 -0.73950085E-01
  0.13590000E+02 -0.73619837E-01
  0.13600000E+02 -0.73291312E-01
  0.13610000E+02 -0.72964499E-01
  0.13620000E+02 -0.72639388E-01
  0.13630000E+02 -0.72315970E-01
  0.13640000E+02 -0.71994233E-01
  0.13650000E+02 -0.71674169E-01
  0.13660000E+02 -0.71355766E-01
  0.13670000E+02 -0.71039016E-01
  0.13680000E+02 -0.70723908E-01
  0.13690000E+02 -0.70410433E-01
  0.13700000E+02 -0.70098581E-01
  0.13710000E+02 -0.69788343E-01
  0.13720000E+02 -0.69479708E-01
  0.13730000E+02 -0.69172667E-01
  0.13740000E+02 -0.68867212E-01
  0.13750000E+02 -0.68563332E-01
  0.13760000E+02 -0.68261018E-01
  0.13770000E+02 -0.67960261E-01
  0.13780000E+02 -0.67661052E-01
  0.13790000E+02 -0.67363382E-01
  0.13800000E+02 -0.67067242E-01
  0.13810000E+02 -0.66772622E-01
  0.13820000E+02 -0.66479514E-01
  0.13830000E+02 -0.66187908E-01
  0.13840000E+02 -0.65897797E-01
  0.13850000E+02 -0.65609171E-01
  0.13860000E+02 -0.65322022E-01
  0.13870000E+02 -0.65036341E-01
  0.13880000E+02 -0.64752119E-01
  0.13890000E+02 -0.64469347E-01
  0.13900000E+02 -0.64188018E-01
  0.13910000E+02 -0.63908124E-01
  0.13920000E+02 -0.63629654E-01
  0.13930000E+02 -0.63352602E-01
  0.13940000E+02 -0.63076959E-01
  0.13950000E+02 -0.62802717E-01
  0.13960000E+02 -0.62529867E-01
  0.13970000E+02 -0.62258402E-01
  0.13980000E+02 -0.61988314E-01
  0.13990000E+02 -0.61719594E-01
  0.14000000E+02 -0.61452234E-01
  0.14010000E+02 -0.61186228E-01
  0.14020000E+02 -0.60921566E-01
  0.14030000E+02 -0.60658242E-01
  0.14040000E+02 -0.60396246E-01
  0.14050000E+02 -0.60135573E-01
  0.14060000E+02 -0.59876214E-01
  0.14070000E+02 -0.59618161E-01
  0.14080000E+02 -0.59361407E-01
  0.14090000E+02 -0.59105944E-01
  0.14100000E+02 -0.58851766E-01
  0.14110000E+02 -0.58598864E-01
  0.14120000E+02 -0.58347232E-01
  0.14130000E+02 -0.58096862E-01
  0.14140000E+02 -0.57847746E-01
  0.14150000E+02 -0.57599878E-01
  0.14160000E+02 -0.57353251E-01
  0.14170000E+02 -0.57107857E-01
  0.14180000E+02 -0.56863689E-01
  0.14190000E+02 -0.56620741E-01
  0.14200000E+02 -0.56379005E-01
  0.14210000E+02 -0.56138474E-01
  0.14220000E+02 -0.55899142E-01
  0.14230000E+02 -0.55661001E-01
  0.14240000E+02 -0.55424045E-01
  0.14250000E+02 -0.55188268E-01
  0.14260000E+02 -0.54953662E-01
  0.14270000E+02 -0.54720221E-01
  0.14280000E+02 -0.54487938E-01
  0.14290000E+02 -0.54256806E-01
  0.14300000E+02 -0.54026820E-01
  0.14310000E+02 -0.53797972E-01
  0.14320000E+02 -0.53570257E-01
  0.14330000E+02 -0.53343667E-01
  0.14340000E+02 -0.53118196E-01
  0.14350000E+02 -0.52893839E-01
  0.14360000E+02 -0.52670588E-01
  0.14370000E+02 -0.52448438E-01
  0.14380000E+02 -0.52227382E-01
  0.14390000E+02 -0.52007414E-01
  0.14400000E+02 -0.51788528E-01
  0.14410000E+02 -0.51570718E-01
  0.14420000E+02 -0.51353978E-01
  0.14430000E+02 -0.51138302E-01
  0.14440000E+02 -0.50923683E-01
  0.14450000E+02 -0.50710117E-01
  0.14460000E+02 -0.50497597E-01
  0.14470000E+02 -0.50286116E-01
  0.14480000E+02 -0.50075671E-01
  0.14490000E+02 -0.49866253E-01
  0.14500000E+02 -0.49657859E-01
  0.14510000E+02 -0.49450481E-01
  0.14520000E+02 -0.49244115E-01
  0.14530000E+02 -0.49038755E-01
  0.14540000E+02 -0.48834395E-01
  0.14550000E+02 -0.48631030E-01
  0.14560000E+02 -0.48428653E-01
  0.14570000E+02 -0.48227261E-01
  0.14580000E+02 -0.48026846E-01
  0.14590000E+02 -0.47827404E-01
  0.14600000E+02 -0.47628929E-01
  0.14610000E+02 -0.47431416E-01
  0.14620000E+02 -0.47234860E-01
  0.14630000E+02 -0.47039254E-01
  0.14640000E+02 -0.46844595E-01
  0.14650000E+02 -0.46650877E-01
  0.14660000E+02 -0.46458094E-01
  0.14670000E+02 -0.46266242E-01
  0.14680000E+02 -0.46075314E-01
  0.14690000E+02 -0.45885307E-01
  0.14700000E+02 -0.45696215E-01
  0.14710000E+02 -0.45508033E-01
  0.14720000E+02 -0.45320756E-01
  0.14730000E+02 -0.45134379E-01
  0.14740000E+02 -0.44948897E-01
  0.14750000E+02 -0.44764306E-01
  0.14760000E+02 -0.44580599E-01
  0.14770000E+02 -0.44397773E-01
  0.14780000E+02 -0.44215823E-01
  0.14790000E+02 -0.44034743E-01
  0.14800000E+02 -0.43854529E-01
  0.14810000E+02 -0.43675177E-01
  0.14820000E+02 -0.43496681E-01
  0.14830000E+02 -0.43319038E-01
  0.14840000E+02 -0.43142241E-01
  0.14850000E+02 -0.42966287E-01
  0.14860000E+02 -0.42791171E-01
  0.14870000E+02 -0.42616889E-01
  0.14880000E+02 -0.42443435E-01
  0.14890000E+02 -0.42270806E-01
  0.14900000E+02 -0.42098997E-01
  0.14910000E+02 -0.41928003E-01
  0.14920000E+02 -0.41757821E-01
  0.14930000E+02 -0.41588445E-01
  0.14940000E+02 -0.41419871E-01
  0.14950000E+02 -0.41252095E-01
  0.14960000E+02 -0.41085113E-01
  0.14970000E+02 -0.40918920E-01
  0.14980000E+02 -0.40753513E-01
  0.14990000E+02 -0.40588886E-01
  0.15000000E+02 -0.40425035E-01
  0.15010000E+02 -0.40261957E-01
  0.15020000E+02 -0.40099648E-01
  0.15030000E+02 -0.39938102E-01
  0.15040000E+02 -0.39777316E-01
  0.15050000E+02 -0.39617287E-01
  0.15060000E+02 -0.39458009E-01
  0.15070000E+02 -0.39299479E-01
  0.15080000E+02 -0.39141692E-01
  0.15090000E+02 -0.38984646E-01
  0.15100000E+02 -0.38828335E-01
  0.15110000E+02 -0.38672756E-01
  0.15120000E+02 -0.38517905E-01
  0.15130000E+02 -0.38363778E-01
  0.15140000E+02 -0.38210371E-01
  0.15150000E+02 -0.38057681E-01
  0.15160000E+02 -0.37905703E-01
  0.15170000E+02 -0.37754434E-01
  0.15180000E+02 -0.37603869E-01
  0.15190000E+02 -0.37454006E-01
  0.15200000E+02 -0.37304841E-01
  0.15210000E+02 -0.37156368E-01
  0.15220000E+02 -0.37008587E-01
  0.15230000E+02 -0.36861491E-01
  0.15240000E+02 -0.36715078E-01
  0.15250000E+02 -0.36569344E-01
  0.15260000E+02 -0.36424286E-01
  0.15270000E+02 -0.36279899E-01
  0.15280000E+02 -0.36136181E-01
  0.15290000E+02 -0.35993128E-01
  0.15300000E+02 -0.35850736E-01
  0.15310000E+02 -0.35709001E-01
  0.15320000E+02 -0.35567922E-01
  0.15330000E+02 -0.35427492E-01
  0.15340000E+02 -0.35287711E-01
  0.15350000E+02 -0.35148573E-01
  0.15360000E+02 -0.35010076E-01
  0.15370000E+02 -0.34872216E-01
  0.15380000E+02 -0.34734990E-01
  0.15390000E+02 -0.34598395E-01
  0.15400000E+02 -0.34462427E-01
  0.15410000E+02 -0.34327082E-01
  0.15420000E+02 -0.34192359E-01
  0.15430000E+02 -0.34058253E-01
  0.15440000E+02 -0.33924761E-01
  0.15450000E+02 -0.33791880E-01
  0.15460000E+02 -0.33659606E-01
  0.15470000E+02 -0.33527938E-01
  0.15480000E+02 -0.33396871E-01
  0.15490000E+02 -0.33266402E-01
  0.15500000E+02 -0.33136528E-01
  0.15510000E+02 -0.33007246E-01
  0.15520000E+02 -0.32878553E-01
  0.15530000E+02 -0.32750446E-01
  0.15540000E+02 -0.32622922E-01
  0.15550000E+02 -0.32495978E-01
  0.15560000E+02 -0.32369610E-01
  0.15570000E+02 -0.32243816E-01
  0.15580000E+02 -0.32118594E-01
  0.15590000E+02 -0.31993938E-01
  0.15600000E+02 -0.31869848E-01
  0.15610000E+02 -0.31746320E-01
  0.15620000E+02 -0.31623351E-01
  0.15630000E+02 -0.31500938E-01
  0.15640000E+02 -0.31379078E-01
  0.15650000E+02 -0.31257769E-01
  0.15660000E+02 -0.31137008E-01
  0.15670000E+02 -0.31016791E-01
  0.15680000E+02 -0.30897116E-01
  0.15690000E+02 -0.30777980E-01
  0.15700000E+02 -0.30659381E-01
  0.15710000E+02 -0.30541315E-01
  0.15720000E+02 -0.30423780E-01
  0.15730000E+02 -0.30306773E-01
  0.15740000E+02 -0.30190292E-01
  0.15750000E+02 -0.30074333E-01
  0.15760000E+02 -0.29958895E-01
  0.15770000E+02 -0.29843973E-01
  0.15780000E+02 -0.29729567E-01
  0.15790000E+02 -0.29615673E-01
  0.15800000E+02 -0.29502288E-01
  0.15810000E+02 -0.29389410E-01
  0.15820000E+02 -0.29277036E-01
  0.15830000E+02 -0.29165164E-01
  0.15840000E+02 -0.29053791E-01
  0.15850000E+02 -0.28942914E-01
  0.15860000E+02 -0.28832532E-01
  0.15870000E+02 -0.28722641E-01
  0.15880000E+02 -0.28613239E-01
  0.15890000E+02 -0.28504324E-01
  0.15900000E+02 -0.28395893E-01
  0.15910000E+02 -0.28287943E-01
  0.15920000E+02 -0.28180473E-01
  0.15930000E+02 -0.28073479E-01
  0.15940000E+02 -0.27966960E-01
  0.15950000E+02 -0.27860912E-01
  0.15960000E+02 -0.27755334E-01
  0.15970000E+02 -0.27650223E-01
  0.15980000E+02 -0.27545577E-01
  0.15990000E+02 -0.27441394E-01
  0.16000000E+02 -0.27337670E-01
  0.16010000E+02 -0.27234404E-01
  0.16020000E+02 -0.27131594E-01
  0.16030000E+02 -0.27029236E-01
  0.16040000E+02 -0.26927330E-01
  0.16050000E+02 -0.26825872E-01
  0.16060000E+02 -0.26724861E-01
  0.16070000E+02 -0.26624293E-01
  0.16080000E+02 -0.26524168E-01
  0.16090000E+02 -0.26424482E-01
  0.16100000E+02 -0.26325233E-01
  0.16110000E+02 -0.26226420E-01
  0.16120000E+02 -0.26128040E-01
  0.16130000E+02 -0.26030091E-01
  0.16140000E+02 -0.25932570E-01
  0.16150000E+02 -0.25835476E-01
  0.16160000E+02 -0.25738806E-01
  0.16170000E+02 -0.25642559E-01
  0.16180000E+02 -0.25546732E-01
  0.16190000E+02 -0.25451323E-01
  0.16200000E+02 -0.25356330E-01
  0.16210000E+02 -0.25261751E-01
  0.16220000E+02 -0.25167584E-01
  0.16230000E+02 -0.25073827E-01
  0.16240000E+02 -0.24980477E-01
  0.16250000E+02 -0.24887534E-01
  0.16260000E+02 -0.24794994E-01
  0.16270000E+02 -0.24702855E-01
  0.16280000E+02 -0.24611117E-01
  0.16290000E+02 -0.24519776E-01
  0.16300000E+02 -0.24428831E-01
  0.16310000E+02 -0.24338280E-01
  0.16320000E+02 -0.24248121E-01
  0.16330000E+02 -0.24158352E-01
  0.16340000E+02 -0.24068970E-01
  0.16350000E+02 -0.23979975E-01
  0.16360000E+02 -0.23891364E-01
  0.16370000E+02 -0.23803135E-01
  0.16380000E+02 -0.23715287E-01
  0.16390000E+02 -0.23627817E-01
  0.16400000E+02 -0.23540724E-01
  0.16410000E+02 -0.23454006E-01
  0.16420000E+02 -0.23367660E-01
  0.16430000E+02 -0.23281686E-01
  0.16440000E+02 -0.23196081E-01
  0.16450000E+02 -0.23110844E-01
  0.16460000E+02 -0.23025972E-01
  0.16470000E+02 -0.22941464E-01
  0.16480000E+02 -0.22857318E-01
  0.16490000E+02 -0.22773533E-01
  0.16500000E+02 -0.22690106E-01
  0.16510000E+02 -0.22607036E-01
  0.16520000E+02 -0.22524321E-01
  0.16530000E+02 -0.22441959E-01
  0.16540000E+02 -0.22359949E-01
  0.16550000E+02 -0.22278289E-01
  0.16560000E+02 -0.22196976E-01
  0.16570000E+02 -0.22116011E-01
  0.16580000E+02 -0.22035390E-01
  0.16590000E+02 -0.21955112E-01
  0.16600000E+02 -0.21875176E-01
  0.16610000E+02 -0.21795580E-01
  0.16620000E+02 -0.21716322E-01
  0.16630000E+02 -0.21637400E-01
  0.16640000E+02 -0.21558813E-01
  0.16650000E+02 -0.21480559E-01
  0.16660000E+02 -0.21402637E-01
  0.16670000E+02 -0.21325045E-01
  0.16680000E+02 -0.21247781E-01
  0.16690000E+02 -0.21170844E-01
  0.16700000E+02 -0.21094233E-01
  0.16710000E+02 -0.21017945E-01
  0.16720000E+02 -0.20941979E-01
  0.16730000E+02 -0.20866333E-01
  0.16740000E+02 -0.20791007E-01
  0.16750000E+02 -0.20715998E-01
  0.16760000E+02 -0.20641305E-01
  0.16770000E+02 -0.20566927E-01
  0.16780000E+02 -0.20492861E-01
  0.16790000E+02 -0.20419107E-01
  0.16800000E+02 -0.20345662E-01
  0.16810000E+02 -0.20272526E-01
  0.16820000E+02 -0.20199697E-01
  0.16830000E+02 -0.20127174E-01
  0.16840000E+02 -0.20054954E-01
  0.16850000E+02 -0.19983037E-01
  0.16860000E+02 -0.19911421E-01
  0.16870000E+02 -0.19840105E-01
  0.16880000E+02 -0.19769086E-01
  0.16890000E+02 -0.19698365E-01
  0.16900000E+02 -0.19627939E-01
  0.16910000E+02 -0.19557807E-01
  0.16920000E+02 -0.19487967E-01
  0.16930000E+02 -0.19418419E-01
  0.16940000E+02 -0.19349160E-01
  0.16950000E+02 -0.19280190E-01
  0.16960000E+02 -0.19211507E-01
  0.16970000E+02 -0.19143109E-01
  0.16980000E+02 -0.19074996E-01
  0.16990000E+02 -0.19007165E-01
  0.17000000E+02 -0.18939617E-01
  0.17010000E+02 -0.18872348E-01
  0.17020000E+02 -0.18805358E-01
  0.17030000E+02 -0.18738646E-01
  0.17040000E+02 -0.18672211E-01
  0.17050000E+02 -0.18606050E-01
  0.17060000E+02 -0.18540163E-01
  0.17070000E+02 -0.18474548E-01
  0.17080000E+02 -0.18409204E-01
  0.17090000E+02 -0.18344130E-01
  0.17100000E+02 -0.18279325E-01
  0.17110000E+02 -0.18214787E-01
  0.17120000E+02 -0.18150515E-01
  0.17130000E+02 -0.18086508E-01
  0.17140000E+02 -0.18022764E-01
  0.17150000E+02 -0.17959282E-01
  0.17160000E+02 -0.17896062E-01
  0.17170000E+02 -0.17833101E-01
  0.17180000E+02 -0.17770399E-01
  0.17190000E+02 -0.17707954E-01
  0.17200000E+02 -0.17645766E-01
  0.17210000E+02 -0.17583832E-01
  0.17220000E+02 -0.17522152E-01
  0.17230000E+02 -0.17460725E-01
  0.17240000E+02 -0.17399549E-01
  0.17250000E+02 -0.17338624E-01
  0.17260000E+02 -0.17277947E-01
  0.17270000E+02 -0.17217518E-01
  0.17280000E+02 -0.17157336E-01
  0.17290000E+02 -0.17097400E-01
  0.17300000E+02 -0.17037708E-01
  0.17310000E+02 -0.16978259E-01
  0.17320000E+02 -0.16919052E-01
  0.17330000E+02 -0.16860087E-01
  0.17340000E+02 -0.16801361E-01
  0.17350000E+02 -0.16742874E-01
  0.17360000E+02 -0.16684625E-01
  0.17370000E+02 -0.16626612E-01
  0.17380000E+02 -0.16568835E-01
  0.17390000E+02 -0.16511292E-01
  0.17400000E+02 -0.16453983E-01
  0.17410000E+02 -0.16396906E-01
  0.17420000E+02 -0.16340060E-01
  0.17430000E+02 -0.16283443E-01
  0.17440000E+02 -0.16227056E-01
  0.17450000E+02 -0.16170897E-01
  0.17460000E+02 -0.16114965E-01
  0.17470000E+02 -0.16059259E-01
  0.17480000E+02 -0.16003777E-01
  0.17490000E+02 -0.15948519E-01
  0.17500000E+02 -0.15893484E-01
  0.17510000E+02 -0.15838670E-01
  0.17520000E+02 -0.15784078E-01
  0.17530000E+02 -0.15729705E-01
  0.17540000E+02 -0.15675550E-01
  0.17550000E+02 -0.15621613E-01
  0.17560000E+02 -0.15567893E-01
  0.17570000E+02 -0.15514389E-01
  0.17580000E+02 -0.15461099E-01
  0.17590000E+02 -0.15408023E-01
  0.17600000E+02 -0.15355159E-01
  0.17610000E+02 -0.15302507E-01
  0.17620000E+02 -0.15250066E-01
  0.17630000E+02 -0.15197835E-01
  0.17640000E+02 -0.15145813E-01
  0.17650000E+02 -0.15093998E-01
  0.17660000E+02 -0.15042390E-01
  0.17670000E+02 -0.14990989E-01
  0.17680000E+02 -0.14939792E-01
  0.17690000E+02 -0.14888800E-01
  0.17700000E+02 -0.14838010E-01
  0.17710000E+02 -0.14787423E-01
  0.17720000E+02 -0.14737038E-01
  0.17730000E+02 -0.14686852E-01
  0.17740000E+02 -0.14636866E-01
  0.17750000E+02 -0.14587079E-01
  0.17760000E+02 -0.14537490E-01
  0.17770000E+02 -0.14488097E-01
  0.17780000E+02 -0.14438900E-01
  0.17790000E+02 -0.14389898E-01
  0.17800000E+02 -0.14341090E-01
  0.17810000E+02 -0.14292476E-01
  0.17820000E+02 -0.14244054E-01
  0.17830000E+02 -0.14195823E-01
  0.17840000E+02 -0.14147783E-01
  0.17850000E+02 -0.14099933E-01
  0.17860000E+02 -0.14052271E-01
  0.17870000E+02 -0.14004798E-01
  0.17880000E+02 -0.13957512E-01
  0.17890000E+02 -0.13910412E-01
  0.17900000E+02 -0.13863498E-01
  0.17910000E+02 -0.13816769E-01
  0.17920000E+02 -0.13770223E-01
  0.17930000E+02 -0.13723861E-01
  0.17940000E+02 -0.13677680E-01
  0.17950000E+02 -0.13631681E-01
  0.17960000E+02 -0.13585863E-01
  0.17970000E+02 -0.13540224E-01
  0.17980000E+02 -0.13494765E-01
  0.17990000E+02 -0.13449483E-01
  0.18000000E+02 -0.13404379E-01
  0.18010000E+02 -0.13359452E-01
  0.18020000E+02 -0.13314700E-01
  0.18030000E+02 -0.13270123E-01
  0.18040000E+02 -0.13225721E-01
  0.18050000E+02 -0.13181491E-01
  0.18060000E+02 -0.13137435E-01
  0.18070000E+02 -0.13093550E-01
  0.18080000E+02 -0.13049837E-01
  0.18090000E+02 -0.13006294E-01
  0.18100000E+02 -0.12962920E-01
  0.18110000E+02 -0.12919715E-01
  0.18120000E+02 -0.12876679E-01
  0.18130000E+02 -0.12833810E-01
  0.18140000E+02 -0.12791107E-01
  0.18150000E+02 -0.12748570E-01
  0.18160000E+02 -0.12706198E-01
  0.18170000E+02 -0.12663991E-01
  0.18180000E+02 -0.12621947E-01
  0.18190000E+02 -0.12580067E-01
  0.18200000E+02 -0.12538348E-01
  0.18210000E+02 -0.12496791E-01
  0.18220000E+02 -0.12455395E-01
  0.18230000E+02 -0.12414159E-01
  0.18240000E+02 -0.12373082E-01
  0.18250000E+02 -0.12332164E-01
  0.18260000E+02 -0.12291403E-01
  0.18270000E+02 -0.12250800E-01
  0.18280000E+02 -0.12210354E-01
  0.18290000E+02 -0.12170063E-01
  0.18300000E+02 -0.12129928E-01
  0.18310000E+02 -0.12089947E-01
  0.18320000E+02 -0.12050120E-01
  0.18330000E+02 -0.12010446E-01
  0.18340000E+02 -0.11970925E-01
  0.18350000E+02 -0.11931555E-01
  0.18360000E+02 -0.11892337E-01
  0.18370000E+02 -0.11853269E-01
  0.18380000E+02 -0.11814350E-01
  0.18390000E+02 -0.11775581E-01
  0.18400000E+02 -0.11736961E-01
  0.18410000E+02 -0.11698488E-01
  0.18420000E+02 -0.11660163E-01
  0.18430000E+02 -0.11621984E-01
  0.18440000E+02 -0.11583951E-01
  0.18450000E+02 -0.11546063E-01
  0.18460000E+02 -0.11508320E-01
  0.18470000E+02 -0.11470721E-01
  0.18480000E+02 -0.11433265E-01
  0.18490000E+02 -0.11395952E-01
  0.18500000E+02 -0.11358781E-01
  0.18510000E+02 -0.11321752E-01
  0.18520000E+02 -0.11284864E-01
  0.18530000E+02 -0.11248115E-01
  0.18540000E+02 -0.11211507E-01
  0.18550000E+02 -0.11175038E-01
  0.18560000E+02 -0.11138707E-01
  0.18570000E+02 -0.11102514E-01
  0.18580000E+02 -0.11066458E-01
  0.18590000E+02 -0.11030539E-01
  0.18600000E+02 -0.10994756E-01
  0.18610000E+02 -0.10959109E-01
  0.18620000E+02 -0.10923596E-01
  0.18630000E+02 -0.10888218E-01
  0.18640000E+02 -0.10852973E-01
  0.18650000E+02 -0.10817862E-01
  0.18660000E+02 -0.10782883E-01
  0.18670000E+02 -0.10748036E-01
  0.18680000E+02 -0.10713321E-01
  0.18690000E+02 -0.10678736E-01
  0.18700000E+02 -0.10644282E-01
  0.18710000E+02 -0.10609958E-01
  0.18720000E+02 -0.10575763E-01
  0.18730000E+02 -0.10541696E-01
  0.18740000E+02 -0.10507758E-01
  0.18750000E+02 -0.10473947E-01
  0.18760000E+02 -0.10440263E-01
  0.18770000E+02 -0.10406705E-01
  0.18780000E+02 -0.10373274E-01
  0.18790000E+02 -0.10339968E-01
  0.18800000E+02 -0.10306786E-01
  0.18810000E+02 -0.10273729E-01
  0.18820000E+02 -0.10240796E-01
  0.18830000E+02 -0.10207986E-01
  0.18840000E+02 -0.10175298E-01
  0.18850000E+02 -0.10142733E-01
  0.18860000E+02 -0.10110289E-01
  0.18870000E+02 -0.10077967E-01
  0.18880000E+02 -0.10045765E-01
  0.18890000E+02 -0.10013683E-01
  0.18900000E+02 -0.99817208E-02
  0.18910000E+02 -0.99498776E-02
  0.18920000E+02 -0.99181531E-02
  0.18930000E+02 -0.98865466E-02
  0.18940000E+02 -0.98550576E-02
  0.18950000E+02 -0.98236857E-02
  0.18960000E+02 -0.97924304E-02
  0.18970000E+02 -0.97612912E-02
  0.18980000E+02 -0.97302675E-02
  0.18990000E+02 -0.96993589E-02
  0.19000000E+02 -0.96685650E-02
  0.19010000E+02 -0.96378851E-02
  0.19020000E+02 -0.96073189E-02
  0.19030000E+02 -0.95768658E-02
  0.19040000E+02 -0.95465253E-02
  0.19050000E+02 -0.95162971E-02
  0.19060000E+02 -0.94861806E-02
  0.19070000E+02 -0.94561753E-02
  0.19080000E+02 -0.94262808E-02
  0.19090000E+02 -0.93964966E-02
  0.19100000E+02 -0.93668223E-02
  0.19110000E+02 -0.93372573E-02
  0.19120000E+02 -0.93078013E-02
  0.19130000E+02 -0.92784537E-02
  0.19140000E+02 -0.92492141E-02
  0.19150000E+02 -0.92200821E-02
  0.19160000E+02 -0.91910571E-02
  0.19170000E+02 -0.91621388E-02
  0.19180000E+02 -0.91333267E-02
  0.19190000E+02 -0.91046204E-02
  0.19200000E+02 -0.90760194E-02
  0.19210000E+02 -0.90475232E-02
  0.19220000E+02 -0.90191315E-02
  0.19230000E+02 -0.89908437E-02
  0.19240000E+02 -0.89626595E-02
  0.19250000E+02 -0.89345784E-02
  0.19260000E+02 -0.89066001E-02
  0.19270000E+02 -0.88787239E-02
  0.19280000E+02 -0.88509496E-02
  0.19290000E+02 -0.88232768E-02
  0.19300000E+02 -0.87957048E-02
  0.19310000E+02 -0.87682335E-02
  0.19320000E+02 -0.87408623E-02
  0.19330000E+02 -0.87135908E-02
  0.19340000E+02 -0.86864187E-02
  0.19350000E+02 -0.86593454E-02
  0.19360000E+02 -0.86323706E-02
  0.19370000E+02 -0.86054939E-02
  0.19380000E+02 -0.85787149E-02
  0.19390000E+02 -0.85520331E-02
  0.19400000E+02 -0.85254482E-02
  0.19410000E+02 -0.84989598E-02
  0.19420000E+02 -0.84725674E-02
  0.19430000E+02 -0.84462706E-02
  0.19440000E+02 -0.84200691E-02
  0.19450000E+02 -0.83939625E-02
  0.19460000E+02 -0.83679504E-02
  0.19470000E+02 -0.83420323E-02
  0.19480000E+02 -0.83162079E-02
  0.19490000E+02 -0.82904769E-02
  0.19500000E+02 -0.82648388E-02
  0.19510000E+02 -0.82392932E-02
  0.19520000E+02 -0.82138397E-02
  0.19530000E+02 -0.81884781E-02
  0.19540000E+02 -0.81632078E-02
  0.19550000E+02 -0.81380285E-02
  0.19560000E+02 -0.81129399E-02
  0.19570000E+02 -0.80879416E-02
  0.19580000E+02 -0.80630332E-02
  0.19590000E+02 -0.80382143E-02
  0.19600000E+02 -0.80134846E-02
  0.19610000E+02 -0.79888436E-02
  0.19620000E+02 -0.79642911E-02
  0.19630000E+02 -0.79398267E-02
  0.19640000E+02 -0.79154500E-02
  0.19650000E+02 -0.78911606E-02
  0.19660000E+02 -0.78669582E-02
  0.19670000E+02 -0.78428425E-02
  0.19680000E+02 -0.78188130E-02
  0.19690000E+02 -0.77948695E-02
  0.19700000E+02 -0.77710115E-02
  0.19710000E+02 -0.77472388E-02
  0.19720000E+02 -0.77235510E-02
  0.19730000E+02 -0.76999477E-02
  0.19740000E+02 -0.76764285E-02
  0.19750000E+02 -0.76529932E-02
  0.19760000E+02 -0.76296415E-02
  0.19770000E+02 -0.76063728E-02
  0.19780000E+02 -0.75831870E-02
  0.19790000E+02 -0.75600837E-02
  0.19800000E+02 -0.75370626E-02
  0.19810000E+02 -0.75141232E-02
  0.19820000E+02 -0.74912654E-02
  0.19830000E+02 -0.74684887E-02
  0.19840000E+02 -0.74457928E-02
  0.19850000E+02 -0.74231774E-02
  0.19860000E+02 -0.74006422E-02
  0.19870000E+02 -0.73781868E-02
  0.19880000E+02 -0.73558110E-02
  0.19890000E+02 -0.73335143E-02
  0.19900000E+02 -0.73112966E-02
  0.19910000E+02 -0.72891574E-02
  0.19920000E+02 -0.72670964E-02
  0.19930000E+02 -0.72451134E-02
  0.19940000E+02 -0.72232079E-02
  0.19950000E+02 -0.72013798E-02
  0.19960000E+02 -0.71796287E-02
  0.19970000E+02 -0.71579542E-02
  0.19980000E+02 -0.71363561E-02
  0.19990000E+02 -0.71148341E-02
  0.20000000E+02 -0.70933878E-02
  0.20010000E+02 -0.70720170E-02
  0.20020000E+02 -0.70507213E-02
  0.20030000E+02 -0.70295004E-02
  0.20040000E+02 -0.70083541E-02
  0.20050000E+02 -0.69872821E-02
  0.20060000E+02 -0.69662840E-02
  0.20070000E+02 -0.69453595E-02
  0.20080000E+02 -0.69245084E-02
  0.20090000E+02 -0.69037303E-02
  
  
 #Potential interaction           2 ->           2
  
  
