# Tiempo(ps), Vx(AA/ps), Vy(AA/ps), Vz(AA/ps)
    0.000000E+00  0.0000000000E+00  0.0000000000E+00 -1.0000000000E+01
    5.000000E-05  1.8379536614E-17  2.2235854355E-17 -1.0000000000E+01
    1.000000E-04  1.8364966202E-17  2.2219503931E-17 -1.0000000001E+01
    1.500000E-04  1.8350394352E-17  2.2203151915E-17 -1.0000000001E+01
    2.000000E-04  1.6967664237E-17  2.0531675539E-17 -1.0000000002E+01
    2.500000E-04  1.6896553805E-17  2.0446926597E-17 -1.0000000002E+01
    3.000000E-04  1.6823105710E-17  2.0359349909E-17 -1.0000000003E+01
    3.500000E-04  1.6905522715E-17  2.0460330475E-17 -1.0000000003E+01
    4.000000E-04  1.6896723832E-17  2.0450963176E-17 -1.0000000004E+01
    4.500000E-04  1.6890768836E-17  2.0445036445E-17 -1.0000000004E+01
    5.000000E-04  1.6869567418E-17  2.0420665534E-17 -1.0000000005E+01
    5.500000E-04  1.6854636657E-17  2.0403880751E-17 -1.0000000005E+01
    6.000000E-04  1.6839122110E-17  2.0386389832E-17 -1.0000000006E+01
    6.500000E-04  1.6824975069E-17  2.0370553522E-17 -1.0000000006E+01
    7.000000E-04  1.6810392658E-17  2.0354190565E-17 -1.0000000007E+01
    7.500000E-04  1.6795890609E-17  2.0337925159E-17 -1.0000000007E+01
    8.000000E-04  1.6781270826E-17  2.0321517405E-17 -1.0000000008E+01
    8.500000E-04  1.6766680416E-17  2.0305145368E-17 -1.0000000008E+01
    9.000000E-04  1.6752078950E-17  2.0288760172E-17 -1.0000000008E+01
    9.500000E-04  1.6737485522E-17  2.0272384866E-17 -1.0000000009E+01
    1.000000E-03  1.6722888314E-17  2.0256005220E-17 -1.0000000009E+01
    1.050000E-03  1.6708290673E-17  2.0239625197E-17 -1.0000000010E+01
    1.100000E-03  1.6693690866E-17  2.0223242683E-17 -1.0000000010E+01
    1.150000E-03  1.6679089731E-17  2.0206858814E-17 -1.0000000011E+01
    1.200000E-03  1.6664487176E-17  2.0190473207E-17 -1.0000000011E+01
