# Tiempo(ps), Vx(AA/ps), Vy(AA/ps), Vz(AA/ps)
    0.000000E+00  0.0000000000E+00  0.0000000000E+00  0.0000000000E+00
    5.000000E-05 -5.2754123902E-13 -1.2288926733E-11 -9.2395482285E-12
    1.000000E-04 -2.5488102818E-10  6.8529520578E-10  6.9139413887E-10
    1.500000E-04  3.1086825568E-09  4.1893911940E-09  5.4991329575E-10
    2.000000E-04  1.6857906428E-09  2.9392316906E-09  7.8004810765E-10
    2.500000E-04  2.4518521902E-09  3.6760462566E-09  7.0646063493E-10
    3.000000E-04  2.1744216704E-09  3.3948137912E-09  7.2708867986E-10
    3.500000E-04  2.3003148574E-09  3.5072528124E-09  7.1141035579E-10
    4.000000E-04  2.2369287917E-09  3.4461015213E-09  7.2073426862E-10
    4.500000E-04  2.2600113663E-09  3.4697619371E-09  7.2258354649E-10
    5.000000E-04  2.2488497222E-09  3.4604709161E-09  7.2785971399E-10
    5.500000E-04  2.2539211311E-09  3.4662385298E-09  7.3110671834E-10
    6.000000E-04  2.2518140936E-09  3.4649629512E-09  7.3496086627E-10
    6.500000E-04  2.2526309436E-09  3.4664691431E-09  7.3850266642E-10
    7.000000E-04  2.2520694017E-09  3.4666781358E-09  7.4220622562E-10
    7.500000E-04  2.2521053774E-09  3.4674747522E-09  7.4585711000E-10
    8.000000E-04  2.2518937795E-09  3.4680360907E-09  7.4953472697E-10
    8.500000E-04  2.2517992810E-09  3.4687107327E-09  7.5319915750E-10
    9.000000E-04  2.2516571265E-09  3.4693380628E-09  7.5686643425E-10
    9.500000E-04  2.2515392310E-09  3.4699868439E-09  7.6052907731E-10
    1.000000E-03  2.2514115658E-09  3.4706290071E-09  7.6419275452E-10
    1.050000E-03  2.2512922048E-09  3.4712762970E-09  7.6785298751E-10
    1.100000E-03  2.2511703626E-09  3.4719258572E-09  7.7151190650E-10
    1.150000E-03  2.2510525891E-09  3.4725778955E-09  7.7516906720E-10
    1.200000E-03  2.2509376683E-09  3.4732316865E-09  7.7882355773E-10
